t,infected,susceptible,[IS],[SS],[II]
1,8,12,34.0,28.0,13.0
2,8,12,34.0,28.0,13.0
3,8,12,34.0,28.0,13.0
4,8,12,34.0,28.0,13.0
5,8,12,33.0,28.0,14.0
6,8,12,33.0,28.0,14.0
7,8,12,33.0,28.0,14.0
8,8,12,33.0,28.0,14.0
9,8,12,33.0,28.0,14.0
10,8,12,33.0,28.0,14.0
11,8,12,33.0,28.0,14.0
12,8,12,33.0,28.0,14.0
13,8,12,33.0,28.0,14.0
14,9,11,35.0,21.0,19.0
15,9,11,35.0,21.0,19.0
16,9,11,35.0,21.0,19.0
17,9,11,34.0,22.0,19.0
18,9,11,33.0,22.0,19.0
19,9,11,33.0,22.0,19.0
20,9,11,32.0,22.0,19.0
21,9,11,31.0,22.0,20.0
22,9,11,30.0,22.0,20.0
23,9,11,30.0,22.0,20.0
24,9,11,29.0,23.0,20.0
25,9,11,29.0,23.0,20.0
26,9,11,29.0,23.0,20.0
27,9,11,28.0,24.0,20.0
28,9,11,28.0,24.0,20.0
29,9,11,28.0,24.0,20.0
30,9,11,27.0,24.0,21.0
31,9,11,26.0,24.0,22.0
32,9,11,26.0,24.0,22.0
33,9,11,26.0,24.0,22.0
34,9,11,25.0,24.0,22.0
35,9,11,25.0,24.0,22.0
36,9,11,25.0,24.0,22.0
37,9,11,25.0,24.0,22.0
38,9,11,25.0,24.0,22.0
39,9,11,25.0,24.0,22.0
40,9,11,25.0,24.0,22.0
41,10,10,25.0,22.0,24.0
42,10,10,24.0,23.0,24.0
43,11,9,25.0,17.0,29.0
44,11,9,25.0,17.0,29.0
45,11,9,25.0,17.0,29.0
46,12,8,25.0,14.0,32.0
47,12,8,25.0,14.0,32.0
48,12,8,25.0,14.0,32.0
49,12,8,25.0,14.0,32.0
50,12,8,25.0,14.0,32.0
51,12,8,25.0,14.0,32.0
52,12,8,24.0,15.0,32.0
53,13,7,24.0,12.0,35.0
54,13,7,24.0,12.0,35.0
55,13,7,23.0,12.0,35.0
56,13,7,22.0,13.0,35.0
57,13,7,21.0,13.0,35.0
58,13,7,21.0,13.0,35.0
59,13,7,20.0,13.0,35.0
60,13,7,20.0,13.0,35.0
61,13,7,19.0,13.0,36.0
62,13,7,19.0,13.0,36.0
63,13,7,19.0,13.0,36.0
64,13,7,18.0,13.0,37.0
65,13,7,18.0,13.0,37.0
66,13,7,18.0,13.0,37.0
67,14,6,19.0,10.0,39.0
68,14,6,19.0,10.0,39.0
69,15,5,19.0,6.0,43.0
70,15,5,19.0,6.0,43.0
71,15,5,18.0,6.0,43.0
72,15,5,17.0,6.0,43.0
73,15,5,17.0,6.0,43.0
74,15,5,17.0,6.0,43.0
75,15,5,16.0,6.5,43.0
76,15,5,15.0,6.5,44.0
77,15,5,15.0,6.5,44.0
78,15,5,15.0,6.5,44.0
79,15,5,14.0,7.0,44.0
80,15,5,14.0,7.0,44.0
81,15,5,14.0,7.0,44.0
82,16,4,13.0,3.5,48.5
83,16,4,13.0,3.5,48.5
84,16,4,13.0,3.5,48.5
85,16,4,12.0,3.5,48.5
86,16,4,12.0,3.5,48.5
87,16,4,12.0,3.5,48.5
88,16,4,11.0,4.0,48.5
89,16,4,11.0,4.0,48.5
90,16,4,11.0,4.0,48.5
91,16,4,11.0,4.0,48.5
92,16,4,11.0,4.0,48.5
93,16,4,11.0,4.0,48.5
94,16,4,11.0,4.0,48.5
95,16,4,11.0,4.0,48.5
96,16,4,10.0,4.5,48.5
97,17,3,7.0,4.0,52.0
98,17,3,7.0,4.0,52.0
99,17,3,7.0,4.0,52.0
100,17,3,6.0,4.0,52.0
101,17,3,6.0,4.0,52.0
102,17,3,5.0,4.0,52.0
103,17,3,5.0,4.0,52.0
104,17,3,5.0,4.0,52.0
105,17,3,5.0,4.0,52.0
106,17,3,5.0,4.0,52.0
107,17,3,5.0,4.0,52.0
108,17,3,4.0,4.0,52.0
109,17,3,4.0,4.0,52.0
110,17,3,4.0,4.0,52.0
111,17,3,4.0,4.0,52.0
112,17,3,4.0,4.0,52.0
113,17,3,4.0,4.0,52.0
114,17,3,4.0,4.0,52.0
115,17,3,4.0,4.0,52.0
116,18,2,3.0,2.0,55.0
117,18,2,3.0,2.0,55.0
118,18,2,3.0,2.0,55.0
119,18,2,3.0,2.0,55.0
120,18,2,3.0,2.0,55.0
121,18,2,3.0,2.0,55.0
122,18,2,3.0,2.0,55.0
123,18,2,3.0,2.0,55.0
124,18,2,3.0,2.0,55.0
125,18,2,3.0,2.0,55.0
126,18,2,3.0,2.0,55.0
127,18,2,3.0,2.0,55.0
128,18,2,3.0,2.0,55.0
129,18,2,3.0,2.0,55.0
130,18,2,3.0,2.0,55.0
131,18,2,3.0,2.0,55.0
132,18,2,3.0,2.0,55.0
133,18,2,3.0,2.0,55.0
134,18,2,3.0,2.0,55.0
135,18,2,3.0,2.0,55.0
136,18,2,3.0,2.0,55.0
137,18,2,3.0,2.0,55.0
138,18,2,3.0,2.0,55.0
139,18,2,3.0,2.0,55.0
140,18,2,3.0,2.0,55.0
141,18,2,3.0,2.0,55.0
142,18,2,3.0,2.0,55.0
143,18,2,3.0,2.0,55.0
144,18,2,3.0,2.0,55.0
145,18,2,3.0,2.0,55.0
146,18,2,3.0,2.0,55.0
147,18,2,3.0,2.0,55.0
148,18,2,3.0,2.0,55.0
149,18,2,3.0,2.0,55.0
150,18,2,3.0,2.0,55.0
151,18,2,3.0,2.0,55.0
152,18,2,3.0,2.0,55.0
153,18,2,3.0,2.0,55.0
154,18,2,3.0,2.0,55.0
155,18,2,3.0,2.0,55.0
156,18,2,3.0,2.0,55.0
157,19,1,3.0,0.5,56.5
158,19,1,3.0,0.5,56.5
159,19,1,3.0,0.5,56.5
160,19,1,3.0,0.5,56.5
161,19,1,3.0,0.5,56.5
162,19,1,3.0,0.5,56.5
163,19,1,3.0,0.5,56.5
164,19,1,3.0,0.5,56.5
165,19,1,3.0,0.5,56.5
166,19,1,2.0,0.5,56.5
167,19,1,2.0,0.5,56.5
168,19,1,2.0,0.5,56.5
169,19,1,2.0,0.5,56.5
170,19,1,2.0,0.5,56.5
171,19,1,2.0,0.5,56.5
172,19,1,2.0,0.5,56.5
173,19,1,2.0,0.5,56.5
174,19,1,1.0,0.5,57.5
175,19,1,1.0,0.5,57.5
176,19,1,1.0,0.5,57.5
177,19,1,1.0,0.5,57.5
178,19,1,1.0,0.5,57.5
179,19,1,1.0,0.5,57.5
180,19,1,1.0,0.5,57.5
181,19,1,1.0,0.5,57.5
182,19,1,1.0,0.5,57.5
183,19,1,1.0,0.5,57.5
184,19,1,1.0,0.5,57.5
185,19,1,1.0,0.5,57.5
186,19,1,1.0,0.5,57.5
187,19,1,1.0,0.5,57.5
188,19,1,1.0,0.5,57.5
189,19,1,1.0,0.5,57.5
190,19,1,1.0,0.5,57.5
191,19,1,1.0,0.5,57.5
192,19,1,1.0,0.5,57.5
193,19,1,1.0,0.5,57.5
194,19,1,1.0,0.5,57.5
195,19,1,1.0,0.5,57.5
196,19,1,1.0,0.5,57.5
197,19,1,1.0,0.5,57.5
198,19,1,1.0,0.5,57.5
199,19,1,1.0,0.5,57.5
200,19,1,1.0,0.5,57.5
201,19,1,1.0,0.5,57.5
202,19,1,1.0,0.5,57.5
203,19,1,1.0,0.5,57.5
204,19,1,1.0,0.5,57.5
205,19,1,1.0,0.5,57.5
206,19,1,1.0,0.5,57.5
207,19,1,1.0,0.5,57.5
208,19,1,1.0,0.5,57.5
209,19,1,1.0,0.5,57.5
210,19,1,1.0,0.5,57.5
211,19,1,1.0,0.5,57.5
212,19,1,1.0,0.5,57.5
213,19,1,1.0,0.5,57.5
214,19,1,1.0,0.5,57.5
215,19,1,1.0,0.5,57.5
216,19,1,1.0,0.5,57.5
217,19,1,1.0,0.5,57.5
218,19,1,1.0,0.5,57.5
219,19,1,1.0,0.5,57.5
220,19,1,1.0,0.5,57.5
221,19,1,1.0,0.5,57.5
222,19,1,1.0,0.5,57.5
223,19,1,1.0,0.5,57.5
224,19,1,1.0,0.5,57.5
225,19,1,1.0,0.5,57.5
226,19,1,1.0,0.5,57.5
227,19,1,1.0,0.5,57.5
228,19,1,1.0,0.5,57.5
229,19,1,1.0,0.5,57.5
230,19,1,1.0,0.5,57.5
231,19,1,0.0,0.5,58.5
