t,infected,susceptible,[IS],[SS],[II]
1,104,196,693.0,588.0,194.0
2,105,195,706.0,549.0,220.0
3,106,194,705.0,547.0,223.0
4,107,193,703.0,538.0,234.0
5,107,193,703.0,538.0,234.0
6,108,192,698.0,537.0,240.0
7,108,192,698.0,537.0,240.0
8,108,192,698.0,537.0,240.0
9,108,192,698.0,537.0,240.0
10,109,191,705.0,525.0,245.0
11,109,191,705.0,525.0,245.0
12,109,191,705.0,525.0,245.0
13,109,191,704.0,526.0,245.0
14,109,191,704.0,526.0,245.0
15,109,191,704.0,526.0,245.0
16,109,191,703.0,526.0,246.0
17,110,190,701.0,524.0,250.0
18,110,190,700.0,525.0,250.0
19,111,189,701.0,522.0,252.0
20,111,189,701.0,522.0,252.0
21,111,189,701.0,522.0,252.0
22,112,188,704.0,517.0,254.0
23,112,188,704.0,517.0,254.0
24,113,187,708.0,510.0,257.0
25,114,186,707.0,508.0,260.0
26,115,185,703.0,503.0,269.0
27,115,185,703.0,503.0,269.0
28,115,185,703.0,503.0,269.0
29,115,185,703.0,503.0,269.0
30,115,185,702.0,504.0,269.0
31,115,185,702.0,504.0,269.0
32,115,185,702.0,504.0,269.0
33,115,185,702.0,504.0,269.0
34,115,185,702.0,504.0,269.0
35,115,185,702.0,504.0,269.0
36,115,185,702.0,504.0,269.0
37,115,185,701.0,504.0,270.0
38,115,185,700.0,505.0,270.0
39,116,184,695.0,501.0,279.0
40,116,184,695.0,501.0,279.0
41,116,184,695.0,501.0,279.0
42,116,184,694.0,502.0,279.0
43,117,183,696.0,498.0,281.0
44,118,182,702.0,485.0,288.0
45,118,182,702.0,485.0,288.0
46,119,181,704.0,481.0,290.0
47,120,180,703.0,471.0,301.0
48,120,180,703.0,471.0,301.0
49,120,180,703.0,471.0,301.0
50,120,180,702.0,471.0,302.0
51,120,180,701.0,472.0,302.0
52,120,180,701.0,472.0,302.0
53,120,180,701.0,472.0,302.0
54,120,180,701.0,472.0,302.0
55,120,180,701.0,472.0,302.0
56,120,180,701.0,472.0,302.0
57,120,180,701.0,472.0,302.0
58,120,180,701.0,472.0,302.0
59,120,180,701.0,472.0,302.0
60,120,180,701.0,472.0,302.0
61,120,180,701.0,472.0,302.0
62,120,180,701.0,472.0,302.0
63,120,180,701.0,472.0,302.0
64,120,180,701.0,472.0,302.0
65,121,179,698.0,471.0,306.0
66,121,179,698.0,471.0,306.0
67,121,179,698.0,471.0,306.0
68,121,179,698.0,471.0,306.0
69,121,179,698.0,471.0,306.0
70,121,179,697.0,472.0,306.0
71,121,179,696.0,473.0,306.0
72,122,178,699.0,468.0,308.0
73,123,177,702.0,464.0,309.0
74,123,177,701.0,465.0,309.0
75,123,177,700.0,465.0,310.0
76,123,177,699.0,465.0,311.0
77,124,176,697.0,462.0,316.0
78,124,176,697.0,462.0,316.0
79,124,176,697.0,462.0,316.0
80,125,175,700.0,456.0,319.0
81,125,175,700.0,456.0,319.0
82,125,175,700.0,456.0,319.0
83,125,175,699.0,456.0,319.0
84,125,175,698.0,457.0,319.0
85,126,174,699.0,451.0,324.0
86,126,174,699.0,451.0,324.0
87,127,173,698.0,449.0,327.0
88,127,173,698.0,449.0,327.0
89,128,172,694.0,448.0,332.0
90,129,171,694.0,441.0,339.0
91,129,171,694.0,441.0,339.0
92,129,171,694.0,441.0,339.0
93,129,171,693.0,442.0,339.0
94,129,171,692.0,443.0,339.0
95,130,170,696.0,432.0,346.0
96,130,170,696.0,432.0,346.0
97,130,170,695.0,433.0,346.0
98,130,170,695.0,433.0,346.0
99,130,170,695.0,433.0,346.0
100,131,169,694.0,431.0,349.0
101,132,168,696.0,426.0,352.0
102,132,168,696.0,426.0,352.0
103,132,168,695.0,427.0,352.0
104,132,168,695.0,427.0,352.0
105,133,167,695.0,421.0,358.0
106,133,167,695.0,421.0,358.0
107,134,166,699.0,412.0,363.0
108,135,165,696.0,411.0,367.0
109,135,165,696.0,411.0,367.0
110,135,165,696.0,411.0,367.0
111,135,165,696.0,411.0,367.0
112,135,165,696.0,411.0,367.0
113,135,165,695.0,411.0,368.0
114,135,165,694.0,412.0,368.0
115,135,165,694.0,412.0,368.0
116,135,165,693.0,412.0,369.0
117,136,164,698.0,406.0,370.0
118,136,164,697.0,407.0,370.0
119,137,163,712.0,387.0,375.0
120,137,163,712.0,387.0,375.0
121,138,162,710.0,385.0,379.0
122,138,162,709.0,386.0,379.0
123,138,162,709.0,386.0,379.0
124,138,162,709.0,386.0,379.0
125,138,162,709.0,386.0,379.0
126,139,161,711.0,382.0,381.0
127,139,161,711.0,382.0,381.0
128,139,161,711.0,382.0,381.0
129,139,161,711.0,382.0,381.0
130,139,161,710.0,383.0,381.0
131,140,160,706.0,381.0,387.0
132,140,160,705.0,382.0,387.0
133,140,160,705.0,382.0,387.0
134,140,160,704.0,382.0,388.0
135,140,160,704.0,382.0,388.0
136,141,159,696.0,352.0,426.0
137,141,159,695.0,352.0,427.0
138,142,158,694.0,347.0,433.0
139,142,158,694.0,347.0,433.0
140,142,158,694.0,347.0,433.0
141,143,157,691.0,345.0,438.0
142,143,157,691.0,345.0,438.0
143,143,157,691.0,345.0,438.0
144,144,156,691.0,343.0,440.0
145,144,156,691.0,343.0,440.0
146,144,156,691.0,343.0,440.0
147,145,155,689.0,341.0,444.0
148,145,155,689.0,341.0,444.0
149,146,154,696.0,310.0,468.0
150,146,154,696.0,310.0,468.0
151,147,153,697.0,303.0,474.0
152,147,153,697.0,303.0,474.0
153,147,153,697.0,303.0,474.0
154,147,153,697.0,303.0,474.0
155,147,153,697.0,303.0,474.0
156,148,152,696.0,289.0,489.0
157,148,152,696.0,289.0,489.0
158,148,152,696.0,289.0,489.0
159,148,152,696.0,289.0,489.0
160,148,152,696.0,289.0,489.0
161,149,151,692.0,281.0,501.0
162,149,151,691.0,281.0,502.0
163,149,151,691.0,281.0,502.0
164,149,151,691.0,281.0,502.0
165,149,151,691.0,281.0,502.0
166,150,150,689.0,279.0,506.0
167,151,149,688.0,276.0,510.0
168,151,149,688.0,276.0,510.0
169,151,149,688.0,276.0,510.0
170,151,149,688.0,276.0,510.0
171,151,149,687.0,277.0,510.0
172,151,149,687.0,277.0,510.0
173,151,149,686.0,277.0,511.0
174,151,149,686.0,277.0,511.0
175,152,148,681.0,275.0,518.0
176,153,147,680.0,271.0,523.0
177,153,147,680.0,271.0,523.0
178,154,146,679.0,268.0,527.0
179,154,146,679.0,268.0,527.0
180,154,146,679.0,268.0,527.0
181,154,146,678.0,268.0,528.0
182,154,146,677.0,268.0,529.0
183,154,146,677.0,268.0,529.0
184,154,146,677.0,268.0,529.0
185,155,145,676.0,266.0,532.0
186,155,145,676.0,266.0,532.0
187,155,145,676.0,266.0,532.0
188,155,145,676.0,266.0,532.0
189,156,144,672.0,260.0,542.0
190,156,144,671.0,260.0,543.0
191,156,144,670.0,261.0,543.0
192,156,144,670.0,261.0,543.0
193,156,144,670.0,261.0,543.0
194,156,144,670.0,261.0,543.0
195,157,143,673.0,254.0,547.0
196,157,143,673.0,254.0,547.0
197,157,143,673.0,254.0,547.0
198,158,142,670.0,253.0,551.0
199,158,142,670.0,253.0,551.0
200,158,142,670.0,253.0,551.0
201,158,142,669.0,254.0,551.0
202,158,142,669.0,254.0,551.0
203,158,142,669.0,254.0,551.0
204,158,142,669.0,254.0,551.0
205,158,142,669.0,254.0,551.0
206,158,142,669.0,254.0,551.0
207,158,142,668.0,255.0,551.0
208,158,142,667.0,255.0,552.0
209,158,142,667.0,255.0,552.0
210,158,142,667.0,255.0,552.0
211,159,141,661.0,243.0,570.0
212,159,141,660.0,244.0,570.0
213,159,141,660.0,244.0,570.0
214,159,141,660.0,244.0,570.0
215,159,141,659.0,244.0,571.0
216,159,141,659.0,244.0,571.0
217,159,141,659.0,244.0,571.0
218,159,141,659.0,244.0,571.0
219,160,140,658.0,242.0,574.0
220,160,140,658.0,242.0,574.0
221,160,140,658.0,242.0,574.0
222,161,139,657.0,240.0,577.0
223,162,138,653.0,238.0,583.0
224,162,138,652.0,238.0,584.0
225,162,138,652.0,238.0,584.0
226,162,138,651.0,239.0,584.0
227,162,138,651.0,239.0,584.0
228,162,138,651.0,239.0,584.0
229,162,138,651.0,239.0,584.0
230,162,138,650.0,240.0,584.0
231,163,137,648.0,238.0,588.0
232,163,137,648.0,238.0,588.0
233,163,137,648.0,238.0,588.0
234,163,137,648.0,238.0,588.0
235,163,137,648.0,238.0,588.0
236,163,137,648.0,238.0,588.0
237,164,136,646.0,236.0,592.0
238,164,136,646.0,236.0,592.0
239,164,136,646.0,236.0,592.0
240,165,135,641.0,236.0,597.0
241,166,134,636.0,229.0,609.0
242,166,134,636.0,229.0,609.0
243,167,133,630.0,226.0,618.0
244,167,133,630.0,226.0,618.0
245,167,133,630.0,226.0,618.0
246,168,132,624.0,222.0,628.0
247,168,132,624.0,222.0,628.0
248,168,132,623.0,222.0,629.0
249,168,132,622.0,222.0,630.0
250,169,131,623.0,214.0,637.0
251,170,130,624.0,211.0,639.0
252,170,130,624.0,211.0,639.0
253,170,130,624.0,211.0,639.0
254,170,130,624.0,211.0,639.0
255,171,129,623.0,207.0,644.0
256,171,129,622.0,208.0,644.0
257,172,128,622.0,204.0,648.0
258,172,128,622.0,204.0,648.0
259,172,128,621.0,205.0,648.0
260,173,127,619.0,197.0,658.0
261,173,127,619.0,197.0,658.0
262,173,127,619.0,197.0,658.0
263,173,127,619.0,197.0,658.0
264,173,127,619.0,197.0,658.0
265,173,127,619.0,197.0,658.0
266,173,127,618.0,198.0,658.0
267,173,127,617.0,198.0,659.0
268,173,127,617.0,198.0,659.0
269,173,127,616.0,199.0,659.0
270,174,126,610.0,199.0,665.0
271,175,125,612.0,194.0,668.0
272,175,125,612.0,194.0,668.0
273,175,125,612.0,194.0,668.0
274,175,125,612.0,194.0,668.0
275,175,125,612.0,194.0,668.0
276,176,124,611.0,191.0,672.0
277,176,124,611.0,191.0,672.0
278,176,124,611.0,191.0,672.0
279,176,124,610.0,191.0,673.0
280,176,124,610.0,191.0,673.0
281,176,124,610.0,191.0,673.0
282,176,124,610.0,191.0,673.0
283,176,124,610.0,191.0,673.0
284,177,123,613.0,186.0,675.0
285,177,123,613.0,186.0,675.0
286,177,123,613.0,186.0,675.0
287,177,123,612.0,186.0,676.0
288,177,123,612.0,186.0,676.0
289,178,122,609.0,185.0,680.0
290,178,122,609.0,185.0,680.0
291,178,122,608.0,186.0,680.0
292,178,122,607.0,187.0,680.0
293,178,122,607.0,187.0,680.0
294,178,122,607.0,187.0,680.0
295,178,122,607.0,187.0,680.0
296,178,122,607.0,187.0,680.0
297,178,122,606.0,187.0,681.0
298,179,121,603.0,186.0,685.0
299,179,121,603.0,186.0,685.0
300,179,121,603.0,186.0,685.0
301,179,121,603.0,186.0,685.0
302,179,121,603.0,186.0,685.0
303,179,121,603.0,186.0,685.0
304,179,121,603.0,186.0,685.0
305,179,121,603.0,186.0,685.0
306,179,121,603.0,186.0,685.0
307,179,121,603.0,186.0,685.0
308,180,120,599.0,182.0,693.0
309,180,120,598.0,182.0,694.0
310,180,120,598.0,182.0,694.0
311,180,120,598.0,182.0,694.0
312,181,119,597.0,179.0,698.0
313,182,118,594.0,177.0,703.0
314,182,118,593.0,178.0,703.0
315,182,118,593.0,178.0,703.0
316,182,118,592.0,178.0,704.0
317,182,118,592.0,178.0,704.0
318,182,118,592.0,178.0,704.0
319,182,118,591.0,179.0,704.0
320,182,118,591.0,179.0,704.0
321,183,117,585.0,179.0,710.0
322,183,117,584.0,179.0,711.0
323,183,117,584.0,179.0,711.0
324,183,117,584.0,179.0,711.0
325,184,116,586.0,173.0,715.0
326,184,116,586.0,173.0,715.0
327,184,116,586.0,173.0,715.0
328,184,116,586.0,173.0,715.0
329,184,116,586.0,173.0,715.0
330,184,116,586.0,173.0,715.0
331,184,116,586.0,173.0,715.0
332,185,115,580.0,172.0,722.0
333,186,114,579.0,172.0,723.0
334,186,114,579.0,172.0,723.0
335,187,113,579.0,169.0,726.0
336,187,113,579.0,169.0,726.0
337,187,113,578.0,170.0,726.0
338,187,113,577.0,171.0,726.0
339,187,113,577.0,171.0,726.0
340,187,113,577.0,171.0,726.0
341,188,112,577.0,162.0,735.0
342,188,112,576.0,162.0,736.0
343,188,112,575.0,162.0,737.0
344,188,112,574.0,163.0,737.0
345,189,111,572.0,159.0,743.0
346,189,111,572.0,159.0,743.0
347,189,111,572.0,159.0,743.0
348,189,111,571.0,159.0,744.0
349,189,111,570.0,159.0,745.0
350,189,111,570.0,159.0,745.0
351,189,111,570.0,159.0,745.0
352,189,111,569.0,159.0,745.0
353,190,110,570.0,156.0,747.0
354,190,110,569.0,156.0,748.0
355,190,110,569.0,156.0,748.0
356,190,110,569.0,156.0,748.0
357,190,110,569.0,156.0,748.0
358,190,110,568.0,156.0,749.0
359,190,110,568.0,156.0,749.0
360,190,110,567.0,156.0,750.0
361,191,109,562.0,149.0,762.0
362,191,109,562.0,149.0,762.0
363,191,109,562.0,149.0,762.0
364,192,108,555.0,147.0,771.0
365,192,108,555.0,147.0,771.0
366,192,108,555.0,147.0,771.0
367,192,108,554.0,148.0,771.0
368,192,108,554.0,148.0,771.0
369,192,108,554.0,148.0,771.0
370,192,108,554.0,148.0,771.0
371,192,108,554.0,148.0,771.0
372,192,108,554.0,148.0,771.0
373,192,108,553.0,148.0,772.0
374,193,107,545.0,145.0,783.0
375,193,107,545.0,145.0,783.0
376,194,106,540.0,140.0,793.0
377,194,106,539.0,141.0,793.0
378,194,106,539.0,141.0,793.0
379,194,106,538.0,141.0,794.0
380,194,106,538.0,141.0,794.0
381,194,106,538.0,141.0,794.0
382,194,106,538.0,141.0,794.0
383,194,106,538.0,141.0,794.0
384,194,106,538.0,141.0,794.0
385,194,106,538.0,141.0,794.0
386,194,106,538.0,141.0,794.0
387,194,106,538.0,141.0,794.0
388,195,105,537.0,136.0,800.0
389,195,105,537.0,136.0,800.0
390,195,105,537.0,136.0,800.0
391,195,105,537.0,136.0,800.0
392,195,105,537.0,136.0,800.0
393,196,104,540.0,131.0,802.0
394,196,104,539.0,131.0,802.0
395,197,103,535.0,129.0,808.0
396,197,103,534.0,129.0,809.0
397,197,103,534.0,129.0,809.0
398,197,103,533.0,129.0,810.0
399,197,103,533.0,129.0,810.0
400,197,103,533.0,129.0,810.0
401,197,103,533.0,129.0,810.0
402,197,103,533.0,129.0,810.0
403,197,103,533.0,129.0,810.0
404,197,103,533.0,129.0,810.0
405,197,103,533.0,129.0,810.0
406,197,103,533.0,129.0,810.0
407,197,103,533.0,129.0,810.0
408,197,103,533.0,129.0,810.0
409,197,103,533.0,129.0,810.0
410,197,103,532.0,129.0,811.0
411,197,103,531.0,129.0,812.0
412,197,103,531.0,129.0,812.0
413,197,103,531.0,129.0,812.0
414,197,103,531.0,129.0,812.0
415,198,102,530.0,126.0,816.0
416,198,102,530.0,126.0,816.0
417,198,102,530.0,126.0,816.0
418,198,102,529.0,127.0,816.0
419,199,101,527.0,125.0,820.0
420,199,101,526.0,125.0,821.0
421,200,100,521.0,125.0,826.0
422,200,100,521.0,125.0,826.0
423,200,100,521.0,125.0,826.0
424,201,99,506.0,119.0,847.0
425,201,99,505.0,119.0,848.0
426,202,98,504.0,116.0,852.0
427,202,98,504.0,116.0,852.0
428,202,98,504.0,116.0,852.0
429,202,98,504.0,116.0,852.0
430,202,98,503.0,117.0,852.0
431,202,98,502.0,118.0,852.0
432,202,98,501.0,119.0,852.0
433,202,98,501.0,119.0,852.0
434,203,97,492.0,107.0,873.0
435,203,97,492.0,107.0,873.0
436,203,97,492.0,107.0,873.0
437,203,97,492.0,107.0,873.0
438,203,97,492.0,107.0,873.0
439,203,97,492.0,107.0,873.0
440,203,97,492.0,107.0,873.0
441,203,97,491.0,107.0,874.0
442,203,97,491.0,107.0,874.0
443,204,96,487.0,105.0,880.0
444,204,96,487.0,105.0,880.0
445,204,96,487.0,105.0,880.0
446,204,96,487.0,105.0,880.0
447,205,95,484.0,104.0,884.0
448,205,95,484.0,104.0,884.0
449,205,95,484.0,104.0,884.0
450,206,94,485.0,101.0,886.0
451,207,93,481.0,99.0,892.0
452,207,93,481.0,99.0,892.0
453,207,93,481.0,99.0,892.0
454,207,93,481.0,99.0,892.0
455,207,93,481.0,99.0,892.0
456,207,93,480.0,100.0,892.0
457,207,93,480.0,100.0,892.0
458,207,93,480.0,100.0,892.0
459,207,93,480.0,100.0,892.0
460,207,93,480.0,100.0,892.0
461,207,93,480.0,100.0,892.0
462,208,92,473.0,99.0,900.0
463,208,92,473.0,99.0,900.0
464,208,92,473.0,99.0,900.0
465,208,92,473.0,99.0,900.0
466,209,91,469.0,97.0,906.0
467,209,91,469.0,97.0,906.0
468,209,91,469.0,97.0,906.0
469,209,91,468.0,97.0,907.0
470,209,91,467.0,97.0,908.0
471,209,91,467.0,97.0,908.0
472,209,91,466.0,98.0,908.0
473,209,91,466.0,98.0,908.0
474,210,90,462.0,96.0,914.0
475,210,90,461.0,96.0,915.0
476,210,90,461.0,96.0,915.0
477,210,90,461.0,96.0,915.0
478,210,90,461.0,96.0,915.0
479,210,90,461.0,96.0,915.0
480,210,90,461.0,96.0,915.0
481,210,90,461.0,96.0,915.0
482,210,90,461.0,96.0,915.0
483,211,89,460.0,93.0,919.0
484,212,88,458.0,90.0,924.0
485,213,87,452.0,90.0,930.0
486,214,86,450.0,86.0,936.0
487,214,86,450.0,86.0,936.0
488,214,86,450.0,86.0,936.0
489,214,86,450.0,86.0,936.0
490,214,86,450.0,86.0,936.0
491,214,86,449.0,86.0,937.0
492,214,86,449.0,86.0,937.0
493,215,85,447.0,83.0,942.0
494,215,85,446.0,83.0,942.0
495,216,84,441.0,83.0,947.0
496,216,84,441.0,83.0,947.0
497,216,84,440.0,83.0,947.0
498,216,84,439.0,83.0,948.0
499,217,83,438.0,79.0,953.0
500,217,83,438.0,79.0,953.0
501,217,83,438.0,79.0,953.0
502,217,83,438.0,79.0,953.0
503,217,83,438.0,79.0,953.0
504,217,83,438.0,79.0,953.0
505,217,83,438.0,79.0,953.0
506,217,83,438.0,79.0,953.0
507,217,83,438.0,79.0,953.0
508,217,83,438.0,79.0,953.0
509,217,83,438.0,79.0,953.0
510,217,83,438.0,79.0,953.0
511,217,83,438.0,79.0,953.0
512,217,83,437.0,79.0,953.0
513,218,82,434.0,78.0,957.0
514,219,81,428.0,77.0,964.0
515,219,81,427.0,78.0,964.0
516,219,81,427.0,78.0,964.0
517,219,81,427.0,78.0,964.0
518,219,81,427.0,78.0,964.0
519,219,81,426.0,79.0,964.0
520,219,81,426.0,79.0,964.0
521,219,81,426.0,79.0,964.0
522,219,81,426.0,79.0,964.0
523,220,80,417.0,76.0,976.0
524,220,80,417.0,76.0,976.0
525,221,79,413.0,75.0,981.0
526,221,79,413.0,75.0,981.0
527,221,79,413.0,75.0,981.0
528,221,79,413.0,75.0,981.0
529,221,79,413.0,75.0,981.0
530,222,78,408.0,75.0,986.0
531,222,78,408.0,75.0,986.0
532,222,78,408.0,75.0,986.0
533,222,78,408.0,75.0,986.0
534,222,78,408.0,75.0,986.0
535,222,78,407.0,76.0,986.0
536,222,78,407.0,76.0,986.0
537,222,78,407.0,76.0,986.0
538,222,78,407.0,76.0,986.0
539,222,78,407.0,76.0,986.0
540,222,78,406.0,76.5,986.0
541,222,78,406.0,76.5,986.0
542,222,78,406.0,76.5,986.0
543,222,78,405.0,77.5,986.0
544,222,78,404.0,77.5,986.0
545,222,78,404.0,77.5,986.0
546,223,77,401.0,74.5,992.0
547,223,77,400.0,74.5,993.0
548,224,76,396.0,72.5,999.0
549,225,75,390.0,72.5,1005.0
550,225,75,390.0,72.5,1005.0
551,226,74,373.0,64.5,1030.0
552,226,74,373.0,64.5,1030.0
553,226,74,373.0,64.5,1030.0
554,226,74,373.0,64.5,1030.0
555,226,74,373.0,64.5,1030.0
556,226,74,373.0,64.5,1030.0
557,226,74,373.0,64.5,1030.0
558,227,73,371.0,62.5,1034.0
559,227,73,371.0,62.5,1034.0
560,227,73,371.0,62.5,1034.0
561,227,73,371.0,62.5,1034.0
562,227,73,371.0,62.5,1034.0
563,228,72,367.0,61.5,1039.0
564,228,72,367.0,61.5,1039.0
565,228,72,367.0,61.5,1039.0
566,228,72,367.0,61.5,1039.0
567,228,72,366.0,61.5,1040.0
568,229,71,366.0,58.5,1043.0
569,230,70,360.0,51.5,1056.0
570,231,69,356.0,50.5,1061.0
571,232,68,352.0,48.5,1067.0
572,233,67,346.0,48.5,1073.0
573,233,67,346.0,48.5,1073.0
574,233,67,346.0,48.5,1073.0
575,233,67,346.0,48.5,1073.0
576,233,67,346.0,48.5,1073.0
577,233,67,346.0,48.5,1073.0
578,234,66,342.0,45.5,1080.0
579,234,66,342.0,45.5,1080.0
580,234,66,342.0,45.5,1080.0
581,234,66,342.0,45.5,1080.0
582,234,66,341.0,45.5,1081.0
583,234,66,341.0,45.5,1081.0
584,234,66,341.0,45.5,1081.0
585,234,66,341.0,45.5,1081.0
586,235,65,338.0,43.5,1086.0
587,235,65,338.0,43.5,1086.0
588,236,64,334.0,41.5,1092.0
589,236,64,334.0,41.5,1092.0
590,236,64,334.0,41.5,1092.0
591,236,64,334.0,41.5,1092.0
592,237,63,331.0,39.5,1097.0
593,237,63,331.0,39.5,1097.0
594,237,63,331.0,39.5,1097.0
595,237,63,331.0,39.5,1097.0
596,237,63,331.0,39.5,1097.0
597,238,62,323.0,37.5,1107.0
598,238,62,323.0,37.5,1107.0
599,238,62,323.0,37.5,1107.0
600,238,62,322.0,37.5,1108.0
601,238,62,322.0,37.5,1108.0
602,238,62,322.0,37.5,1108.0
603,238,62,322.0,37.5,1108.0
604,238,62,322.0,37.5,1108.0
605,238,62,321.0,37.5,1109.0
606,238,62,321.0,37.5,1109.0
607,238,62,321.0,37.5,1109.0
608,238,62,321.0,37.5,1109.0
609,238,62,321.0,37.5,1109.0
610,238,62,321.0,37.5,1109.0
611,238,62,321.0,37.5,1109.0
612,238,62,321.0,37.5,1109.0
613,238,62,321.0,37.5,1109.0
614,238,62,321.0,37.5,1109.0
615,238,62,321.0,37.5,1109.0
616,238,62,320.0,37.5,1110.0
617,238,62,320.0,37.5,1110.0
618,238,62,320.0,37.5,1110.0
619,238,62,320.0,37.5,1110.0
620,238,62,320.0,37.5,1110.0
621,238,62,320.0,37.5,1110.0
622,238,62,320.0,37.5,1110.0
623,238,62,320.0,37.5,1110.0
624,238,62,320.0,37.5,1110.0
625,238,62,319.0,37.5,1111.0
626,238,62,319.0,37.5,1111.0
627,238,62,319.0,37.5,1111.0
628,238,62,319.0,37.5,1111.0
629,238,62,319.0,37.5,1111.0
630,238,62,319.0,37.5,1111.0
631,238,62,319.0,37.5,1111.0
632,238,62,319.0,37.5,1111.0
633,238,62,318.0,37.5,1112.0
634,238,62,318.0,37.5,1112.0
635,238,62,318.0,37.5,1112.0
636,238,62,318.0,37.5,1112.0
637,238,62,317.0,37.5,1113.0
638,238,62,316.0,37.5,1114.0
639,238,62,316.0,37.5,1114.0
640,238,62,316.0,37.5,1114.0
641,238,62,316.0,37.5,1114.0
642,238,62,316.0,37.5,1114.0
643,238,62,315.0,37.5,1115.0
644,238,62,315.0,37.5,1115.0
645,238,62,315.0,37.5,1115.0
646,238,62,315.0,37.5,1115.0
647,238,62,315.0,37.5,1115.0
648,238,62,315.0,37.5,1115.0
649,238,62,315.0,37.5,1115.0
650,238,62,314.0,37.5,1116.0
651,238,62,313.0,37.5,1117.0
652,238,62,313.0,37.5,1117.0
653,238,62,313.0,37.5,1117.0
654,238,62,313.0,37.5,1117.0
655,239,61,308.0,35.5,1124.0
656,240,60,305.0,34.5,1128.0
657,241,59,302.0,32.5,1133.0
658,241,59,302.0,32.5,1133.0
659,241,59,302.0,32.5,1133.0
660,241,59,302.0,32.5,1133.0
661,241,59,302.0,32.5,1133.0
662,241,59,302.0,32.5,1133.0
663,241,59,302.0,32.5,1133.0
664,241,59,302.0,32.5,1133.0
665,241,59,302.0,32.5,1133.0
666,242,58,291.0,32.5,1144.0
667,242,58,291.0,32.5,1144.0
668,242,58,291.0,32.5,1144.0
669,242,58,291.0,32.5,1144.0
670,242,58,291.0,32.5,1144.0
671,242,58,291.0,32.5,1144.0
672,242,58,291.0,32.5,1144.0
673,242,58,291.0,32.5,1144.0
674,242,58,291.0,32.5,1144.0
675,242,58,291.0,32.5,1144.0
676,242,58,291.0,32.5,1144.0
677,242,58,291.0,32.5,1144.0
678,242,58,291.0,32.5,1144.0
679,242,58,291.0,32.5,1144.0
680,242,58,291.0,32.5,1144.0
681,242,58,291.0,32.5,1144.0
682,242,58,291.0,32.5,1144.0
683,243,57,290.0,29.5,1148.0
684,243,57,290.0,29.5,1148.0
685,243,57,290.0,29.5,1148.0
686,244,56,284.0,29.5,1154.0
687,244,56,283.0,29.5,1155.0
688,244,56,283.0,29.5,1155.0
689,244,56,283.0,29.5,1155.0
690,244,56,283.0,29.5,1155.0
691,244,56,283.0,29.5,1155.0
692,244,56,283.0,29.5,1155.0
693,244,56,283.0,29.5,1155.0
694,244,56,283.0,29.5,1155.0
695,244,56,283.0,29.5,1155.0
696,244,56,282.0,29.5,1156.0
697,244,56,281.0,29.5,1157.0
698,244,56,281.0,29.5,1157.0
699,244,56,281.0,29.5,1157.0
700,244,56,281.0,29.5,1157.0
701,244,56,280.0,29.5,1157.0
702,244,56,279.0,29.5,1158.0
703,244,56,278.0,29.5,1159.0
704,244,56,278.0,29.5,1159.0
705,244,56,278.0,29.5,1159.0
706,244,56,278.0,29.5,1159.0
707,244,56,278.0,29.5,1159.0
708,244,56,278.0,29.5,1159.0
709,244,56,278.0,29.5,1159.0
710,245,55,275.0,28.5,1163.0
711,245,55,275.0,28.5,1163.0
712,245,55,275.0,28.5,1163.0
713,245,55,275.0,28.5,1163.0
714,245,55,275.0,28.5,1163.0
715,246,54,273.0,24.5,1169.0
716,247,53,271.0,23.5,1172.0
717,247,53,270.0,23.5,1172.0
718,247,53,270.0,23.5,1172.0
719,247,53,270.0,23.5,1172.0
720,247,53,270.0,23.5,1172.0
721,247,53,270.0,23.5,1172.0
722,247,53,270.0,23.5,1172.0
723,247,53,270.0,23.5,1172.0
724,247,53,269.0,23.5,1172.0
725,248,52,267.0,21.5,1176.0
726,248,52,267.0,21.5,1176.0
727,249,51,261.0,21.5,1182.0
728,249,51,261.0,21.5,1182.0
729,249,51,261.0,21.5,1182.0
730,249,51,261.0,21.5,1182.0
731,249,51,261.0,21.5,1182.0
732,249,51,261.0,21.5,1182.0
733,249,51,261.0,21.5,1182.0
734,250,50,251.0,20.5,1193.0
735,250,50,251.0,20.5,1193.0
736,250,50,251.0,20.5,1193.0
737,250,50,251.0,20.5,1193.0
738,250,50,251.0,20.5,1193.0
739,250,50,251.0,20.5,1193.0
740,250,50,251.0,20.5,1193.0
741,250,50,251.0,20.5,1193.0
742,250,50,251.0,20.5,1193.0
743,250,50,251.0,20.5,1193.0
744,250,50,251.0,20.5,1193.0
745,250,50,251.0,20.5,1193.0
746,250,50,251.0,20.5,1193.0
747,250,50,251.0,20.5,1193.0
748,250,50,251.0,20.5,1193.0
749,250,50,251.0,20.5,1193.0
750,251,49,246.0,20.5,1198.0
751,251,49,246.0,20.5,1198.0
752,251,49,246.0,20.5,1198.0
753,251,49,246.0,20.5,1198.0
754,251,49,246.0,20.5,1198.0
755,251,49,246.0,20.5,1198.0
756,251,49,246.0,20.5,1198.0
757,251,49,246.0,20.5,1198.0
758,251,49,246.0,20.5,1198.0
759,252,48,237.0,19.5,1208.0
760,252,48,236.0,19.5,1209.0
761,252,48,236.0,19.5,1209.0
762,252,48,236.0,19.5,1209.0
763,252,48,236.0,19.5,1209.0
764,252,48,236.0,19.5,1209.0
765,252,48,235.0,19.5,1210.0
766,252,48,235.0,19.5,1210.0
767,252,48,235.0,19.5,1210.0
768,252,48,235.0,19.5,1210.0
769,252,48,235.0,19.5,1210.0
770,252,48,235.0,19.5,1210.0
771,253,47,226.0,19.5,1219.0
772,253,47,226.0,19.5,1219.0
773,253,47,226.0,19.5,1219.0
774,253,47,226.0,19.5,1219.0
775,253,47,226.0,19.5,1219.0
776,253,47,226.0,19.5,1219.0
777,253,47,226.0,19.5,1219.0
778,253,47,226.0,19.5,1219.0
779,253,47,226.0,19.5,1219.0
780,253,47,226.0,19.5,1219.0
781,253,47,226.0,19.5,1219.0
782,253,47,226.0,19.5,1219.0
783,253,47,226.0,19.5,1219.0
784,253,47,226.0,19.5,1219.0
785,253,47,226.0,19.5,1219.0
786,253,47,226.0,19.5,1219.0
787,253,47,226.0,19.5,1219.0
788,253,47,226.0,19.5,1219.0
789,253,47,226.0,19.5,1219.0
790,254,46,223.0,18.5,1223.0
791,254,46,223.0,18.5,1223.0
792,254,46,223.0,18.5,1223.0
793,254,46,223.0,18.5,1223.0
794,254,46,223.0,18.5,1223.0
795,254,46,223.0,18.5,1223.0
796,254,46,223.0,18.5,1223.0
797,254,46,223.0,18.5,1223.0
798,254,46,223.0,18.5,1223.0
799,254,46,223.0,18.5,1223.0
800,255,45,217.0,18.5,1229.0
801,255,45,216.0,18.5,1230.0
802,255,45,216.0,18.5,1230.0
803,255,45,216.0,18.5,1230.0
804,255,45,215.0,18.5,1231.0
805,255,45,215.0,18.5,1231.0
806,255,45,215.0,18.5,1231.0
807,255,45,215.0,18.5,1231.0
808,255,45,215.0,18.5,1231.0
809,255,45,215.0,18.5,1231.0
810,255,45,215.0,18.5,1231.0
811,255,45,214.0,18.5,1232.0
812,255,45,214.0,18.5,1232.0
813,255,45,214.0,18.5,1232.0
814,255,45,214.0,18.5,1232.0
815,255,45,214.0,18.5,1232.0
816,255,45,214.0,18.5,1232.0
817,255,45,214.0,18.5,1232.0
818,255,45,214.0,18.5,1232.0
819,255,45,214.0,18.5,1232.0
820,256,44,207.0,18.5,1239.0
821,256,44,207.0,18.5,1239.0
822,256,44,207.0,18.5,1239.0
823,256,44,207.0,18.5,1239.0
824,256,44,207.0,18.5,1239.0
825,257,43,202.0,17.5,1245.0
826,257,43,202.0,17.5,1245.0
827,257,43,202.0,17.5,1245.0
828,257,43,202.0,17.5,1245.0
829,257,43,202.0,17.5,1245.0
830,257,43,202.0,17.5,1245.0
831,257,43,202.0,17.5,1245.0
832,257,43,202.0,17.5,1245.0
833,257,43,202.0,17.5,1245.0
834,257,43,202.0,17.5,1245.0
835,257,43,202.0,17.5,1245.0
836,257,43,202.0,17.5,1245.0
837,257,43,202.0,17.5,1245.0
838,257,43,202.0,17.5,1245.0
839,257,43,202.0,17.5,1245.0
840,258,42,196.0,17.5,1251.0
841,259,41,189.0,17.5,1258.0
842,259,41,189.0,17.5,1258.0
843,259,41,189.0,17.5,1258.0
844,259,41,189.0,17.5,1258.0
845,260,40,186.0,15.5,1263.0
846,260,40,186.0,15.5,1263.0
847,260,40,186.0,15.5,1263.0
848,260,40,185.0,15.5,1264.0
849,260,40,185.0,15.5,1264.0
850,261,39,180.0,15.5,1269.0
851,262,38,176.0,15.5,1273.0
852,262,38,176.0,15.5,1273.0
853,262,38,176.0,15.5,1273.0
854,262,38,176.0,15.5,1273.0
855,262,38,176.0,15.5,1273.0
856,263,37,171.0,13.5,1280.0
857,263,37,171.0,13.5,1280.0
858,263,37,171.0,13.5,1280.0
859,263,37,171.0,13.5,1280.0
860,263,37,171.0,13.5,1280.0
861,263,37,171.0,13.5,1280.0
862,263,37,171.0,13.5,1280.0
863,263,37,171.0,13.5,1280.0
864,263,37,171.0,13.5,1280.0
865,263,37,171.0,13.5,1280.0
866,263,37,170.0,13.5,1281.0
867,263,37,170.0,13.5,1281.0
868,263,37,170.0,13.5,1281.0
869,264,36,166.0,13.5,1285.0
870,264,36,166.0,13.5,1285.0
871,264,36,166.0,13.5,1285.0
872,264,36,166.0,13.5,1285.0
873,264,36,166.0,13.5,1285.0
874,264,36,166.0,13.5,1285.0
875,264,36,166.0,13.5,1285.0
876,264,36,166.0,13.5,1285.0
877,264,36,166.0,13.5,1285.0
878,264,36,166.0,13.5,1285.0
879,264,36,166.0,13.5,1285.0
880,264,36,166.0,13.5,1285.0
881,264,36,166.0,13.5,1285.0
882,264,36,166.0,13.5,1285.0
883,264,36,166.0,13.5,1285.0
884,264,36,166.0,13.5,1285.0
885,264,36,166.0,13.5,1285.0
886,264,36,166.0,13.5,1285.0
887,264,36,166.0,13.5,1285.0
888,264,36,166.0,13.5,1285.0
889,264,36,165.0,13.5,1286.0
890,264,36,165.0,13.5,1286.0
891,264,36,165.0,13.5,1286.0
892,264,36,165.0,13.5,1286.0
893,264,36,165.0,13.5,1286.0
894,264,36,165.0,13.5,1286.0
895,264,36,165.0,13.5,1286.0
896,264,36,165.0,13.5,1286.0
897,264,36,165.0,13.5,1286.0
898,264,36,165.0,13.5,1286.0
899,264,36,165.0,13.5,1286.0
900,264,36,165.0,13.5,1286.0
901,264,36,165.0,13.5,1286.0
902,264,36,165.0,13.5,1286.0
903,264,36,165.0,13.5,1286.0
904,264,36,165.0,13.5,1286.0
905,264,36,165.0,13.5,1286.0
906,264,36,165.0,13.5,1286.0
907,264,36,165.0,13.5,1286.0
908,265,35,162.0,12.5,1290.0
909,265,35,161.0,12.5,1291.0
910,265,35,161.0,12.5,1291.0
911,265,35,161.0,12.5,1291.0
912,265,35,161.0,12.5,1291.0
913,265,35,161.0,12.5,1291.0
914,265,35,161.0,12.5,1291.0
915,265,35,161.0,12.5,1291.0
916,266,34,156.0,12.5,1296.0
917,266,34,156.0,12.5,1296.0
918,266,34,156.0,12.5,1296.0
919,266,34,155.0,12.5,1297.0
920,266,34,155.0,12.5,1297.0
921,266,34,155.0,12.5,1297.0
922,266,34,155.0,12.5,1297.0
923,266,34,155.0,12.5,1297.0
924,267,33,151.0,11.5,1302.0
925,267,33,151.0,11.5,1302.0
926,267,33,151.0,11.5,1302.0
927,268,32,144.0,11.5,1309.0
928,268,32,144.0,11.5,1309.0
929,268,32,144.0,11.5,1309.0
930,268,32,144.0,11.5,1309.0
931,268,32,144.0,11.5,1309.0
932,268,32,144.0,11.5,1309.0
933,268,32,144.0,11.5,1309.0
934,268,32,143.0,11.5,1310.0
935,268,32,143.0,11.5,1310.0
936,268,32,143.0,11.5,1310.0
937,268,32,143.0,11.5,1310.0
938,268,32,143.0,11.5,1310.0
939,268,32,143.0,11.5,1310.0
940,268,32,143.0,11.5,1310.0
941,268,32,143.0,11.5,1310.0
942,268,32,143.0,11.5,1310.0
943,268,32,143.0,11.5,1310.0
944,269,31,140.0,11.5,1313.0
945,269,31,140.0,11.5,1313.0
946,269,31,140.0,11.5,1313.0
947,269,31,140.0,11.5,1313.0
948,269,31,140.0,11.5,1313.0
949,269,31,140.0,11.5,1313.0
950,269,31,140.0,11.5,1313.0
951,269,31,140.0,11.5,1313.0
952,269,31,140.0,11.5,1313.0
953,269,31,140.0,11.5,1313.0
954,269,31,140.0,11.5,1313.0
955,269,31,139.0,12.5,1313.0
956,269,31,139.0,12.5,1313.0
957,269,31,139.0,12.5,1313.0
958,269,31,139.0,12.5,1313.0
959,269,31,139.0,12.5,1313.0
960,269,31,139.0,12.5,1313.0
961,269,31,139.0,12.5,1313.0
962,269,31,139.0,12.5,1313.0
963,269,31,139.0,12.5,1313.0
964,269,31,139.0,12.5,1313.0
965,269,31,139.0,12.5,1313.0
966,269,31,139.0,12.5,1313.0
967,269,31,139.0,12.5,1313.0
968,269,31,138.0,12.5,1314.0
969,269,31,138.0,12.5,1314.0
970,269,31,138.0,12.5,1314.0
971,269,31,138.0,12.5,1314.0
972,269,31,138.0,12.5,1314.0
973,269,31,138.0,12.5,1314.0
974,269,31,138.0,12.5,1314.0
975,269,31,138.0,12.5,1314.0
976,269,31,138.0,12.5,1314.0
977,269,31,138.0,12.5,1314.0
978,270,30,135.0,11.5,1318.0
979,270,30,134.0,11.5,1319.0
980,270,30,134.0,11.5,1319.0
981,270,30,134.0,11.5,1319.0
982,270,30,134.0,11.5,1319.0
983,270,30,134.0,11.5,1319.0
984,270,30,134.0,11.5,1319.0
985,270,30,134.0,11.5,1319.0
986,270,30,134.0,11.5,1319.0
987,271,29,128.0,11.5,1325.0
988,271,29,128.0,11.5,1325.0
989,271,29,128.0,11.5,1325.0
990,271,29,127.0,11.5,1326.0
991,271,29,127.0,11.5,1326.0
992,271,29,126.0,11.5,1327.0
993,271,29,126.0,11.5,1327.0
994,271,29,126.0,11.5,1327.0
995,271,29,126.0,11.5,1327.0
996,271,29,126.0,11.5,1327.0
997,271,29,126.0,11.5,1327.0
998,271,29,126.0,11.5,1327.0
999,271,29,126.0,11.5,1327.0
1000,271,29,125.0,12.5,1327.0
1001,271,29,125.0,12.5,1327.0
1002,271,29,125.0,12.5,1327.0
1003,271,29,124.0,13.5,1327.0
1004,271,29,124.0,13.5,1327.0
1005,271,29,124.0,13.5,1327.0
1006,271,29,124.0,13.5,1327.0
1007,271,29,124.0,13.5,1327.0
1008,271,29,124.0,13.5,1327.0
1009,271,29,124.0,13.5,1327.0
1010,272,28,124.0,11.5,1329.0
1011,272,28,124.0,11.5,1329.0
1012,272,28,124.0,11.5,1329.0
1013,273,27,118.0,11.0,1335.5
1014,273,27,117.0,11.0,1336.5
1015,273,27,117.0,11.0,1336.5
1016,273,27,117.0,11.0,1336.5
1017,273,27,117.0,11.0,1336.5
1018,273,27,117.0,11.0,1336.5
1019,274,26,111.0,11.0,1342.5
1020,274,26,111.0,11.0,1342.5
1021,274,26,111.0,11.0,1342.5
1022,274,26,111.0,11.0,1342.5
1023,274,26,111.0,11.0,1342.5
1024,274,26,111.0,11.0,1342.5
1025,274,26,111.0,11.0,1342.5
1026,274,26,111.0,11.0,1342.5
1027,274,26,111.0,11.0,1342.5
1028,274,26,111.0,11.0,1342.5
1029,274,26,111.0,11.0,1342.5
1030,274,26,111.0,11.0,1342.5
1031,274,26,110.0,11.0,1342.5
1032,274,26,110.0,11.0,1342.5
1033,274,26,110.0,11.0,1342.5
1034,274,26,110.0,11.0,1342.5
1035,274,26,110.0,11.0,1342.5
1036,274,26,110.0,11.0,1342.5
1037,275,25,109.0,10.0,1344.5
1038,275,25,109.0,10.0,1344.5
1039,275,25,109.0,10.0,1344.5
1040,275,25,109.0,10.0,1344.5
1041,275,25,109.0,10.0,1344.5
1042,275,25,109.0,10.0,1344.5
1043,275,25,109.0,10.0,1344.5
1044,275,25,109.0,10.0,1344.5
1045,275,25,109.0,10.0,1344.5
1046,275,25,109.0,10.0,1344.5
1047,275,25,109.0,10.0,1344.5
1048,275,25,109.0,10.0,1344.5
1049,275,25,109.0,10.0,1344.5
1050,275,25,109.0,10.0,1344.5
1051,275,25,109.0,10.0,1344.5
1052,276,24,104.0,10.0,1349.5
1053,276,24,104.0,10.0,1349.5
1054,276,24,104.0,10.0,1349.5
1055,276,24,104.0,10.0,1349.5
1056,276,24,104.0,10.0,1349.5
1057,276,24,104.0,10.0,1349.5
1058,276,24,103.0,10.0,1350.5
1059,276,24,103.0,10.0,1350.5
1060,276,24,103.0,10.0,1350.5
1061,276,24,103.0,10.0,1350.5
1062,276,24,103.0,10.0,1350.5
1063,276,24,103.0,10.0,1350.5
1064,276,24,103.0,10.0,1350.5
1065,276,24,103.0,10.0,1350.5
1066,276,24,103.0,10.0,1350.5
1067,276,24,103.0,10.0,1350.5
1068,276,24,103.0,10.0,1350.5
1069,276,24,103.0,10.0,1350.5
1070,276,24,103.0,10.0,1350.5
1071,276,24,103.0,10.0,1350.5
1072,276,24,103.0,10.0,1350.5
1073,276,24,103.0,10.0,1350.5
1074,276,24,103.0,10.0,1350.5
1075,276,24,103.0,10.0,1350.5
1076,276,24,103.0,10.0,1350.5
1077,276,24,103.0,10.0,1350.5
1078,277,23,97.0,10.0,1356.5
1079,277,23,97.0,10.0,1356.5
1080,277,23,97.0,10.0,1356.5
1081,277,23,96.0,10.0,1357.5
1082,277,23,96.0,10.0,1357.5
1083,277,23,96.0,10.0,1357.5
1084,277,23,96.0,10.0,1357.5
1085,277,23,96.0,10.0,1357.5
1086,278,22,91.0,10.0,1362.5
1087,278,22,91.0,10.0,1362.5
1088,278,22,91.0,10.0,1362.5
1089,278,22,91.0,10.0,1362.5
1090,278,22,91.0,10.0,1362.5
1091,278,22,91.0,10.0,1362.5
1092,278,22,91.0,10.0,1362.5
1093,278,22,91.0,10.0,1362.5
1094,278,22,91.0,10.0,1362.5
1095,278,22,91.0,10.0,1362.5
1096,278,22,91.0,10.0,1362.5
1097,278,22,91.0,10.0,1362.5
1098,278,22,91.0,10.0,1362.5
1099,278,22,91.0,10.0,1362.5
1100,279,21,88.0,10.0,1365.5
1101,279,21,88.0,10.0,1365.5
1102,279,21,88.0,10.0,1365.5
1103,279,21,88.0,10.0,1365.5
1104,279,21,88.0,10.0,1365.5
1105,279,21,88.0,10.0,1365.5
1106,279,21,88.0,10.0,1365.5
1107,279,21,88.0,10.0,1365.5
1108,279,21,88.0,10.0,1365.5
1109,279,21,88.0,10.0,1365.5
1110,279,21,87.0,10.0,1366.5
1111,279,21,87.0,10.0,1366.5
1112,280,20,86.0,7.0,1370.5
1113,280,20,86.0,7.0,1370.5
1114,280,20,86.0,7.0,1370.5
1115,280,20,86.0,7.0,1370.5
1116,280,20,86.0,7.0,1370.5
1117,280,20,86.0,7.0,1370.5
1118,280,20,86.0,7.0,1370.5
1119,280,20,86.0,7.0,1370.5
1120,280,20,86.0,7.0,1370.5
1121,280,20,86.0,7.0,1370.5
1122,280,20,86.0,7.0,1370.5
1123,280,20,86.0,7.0,1370.5
1124,280,20,86.0,7.0,1370.5
1125,280,20,86.0,7.0,1370.5
1126,280,20,86.0,7.0,1370.5
1127,280,20,86.0,7.0,1370.5
1128,280,20,85.0,7.0,1371.5
1129,280,20,85.0,7.0,1371.5
1130,280,20,85.0,7.0,1371.5
1131,280,20,85.0,7.0,1371.5
1132,280,20,85.0,7.0,1371.5
1133,280,20,85.0,7.0,1371.5
1134,280,20,85.0,7.0,1371.5
1135,280,20,85.0,7.0,1371.5
1136,280,20,85.0,7.0,1371.5
1137,280,20,85.0,7.0,1371.5
1138,280,20,85.0,7.0,1371.5
1139,280,20,85.0,7.0,1371.5
1140,280,20,85.0,7.0,1371.5
1141,280,20,85.0,7.0,1371.5
1142,280,20,85.0,7.0,1371.5
1143,280,20,85.0,7.0,1371.5
1144,280,20,85.0,7.0,1371.5
1145,280,20,85.0,7.0,1371.5
1146,280,20,85.0,7.0,1371.5
1147,280,20,85.0,7.0,1371.5
1148,280,20,85.0,7.0,1371.5
1149,280,20,85.0,7.0,1371.5
1150,280,20,85.0,7.0,1371.5
1151,280,20,85.0,7.0,1371.5
1152,281,19,82.0,6.0,1375.5
1153,281,19,82.0,6.0,1375.5
1154,281,19,82.0,6.0,1375.5
1155,281,19,82.0,6.0,1375.5
1156,281,19,82.0,6.0,1375.5
1157,281,19,82.0,6.0,1375.5
1158,281,19,82.0,6.0,1375.5
1159,281,19,82.0,6.0,1375.5
1160,281,19,82.0,6.0,1375.5
1161,281,19,82.0,6.0,1375.5
1162,281,19,82.0,6.0,1375.5
1163,282,18,75.0,6.0,1382.5
1164,282,18,75.0,6.0,1382.5
1165,282,18,75.0,6.0,1382.5
1166,282,18,75.0,6.0,1382.5
1167,282,18,75.0,6.0,1382.5
1168,282,18,74.0,6.0,1383.5
1169,282,18,74.0,6.0,1383.5
1170,282,18,74.0,6.0,1383.5
1171,282,18,74.0,6.0,1383.5
1172,282,18,74.0,6.0,1383.5
1173,282,18,74.0,6.0,1383.5
1174,283,17,73.0,5.0,1385.5
1175,283,17,73.0,5.0,1385.5
1176,283,17,73.0,5.0,1385.5
1177,283,17,73.0,5.0,1385.5
1178,284,16,67.0,5.0,1391.5
1179,284,16,67.0,5.0,1391.5
1180,284,16,67.0,5.0,1391.5
1181,284,16,67.0,5.0,1391.5
1182,284,16,67.0,5.0,1391.5
1183,284,16,67.0,5.0,1391.5
1184,284,16,67.0,5.0,1391.5
1185,284,16,67.0,5.0,1391.5
1186,284,16,67.0,5.0,1391.5
1187,284,16,67.0,5.0,1391.5
1188,284,16,67.0,5.0,1391.5
1189,284,16,67.0,5.0,1391.5
1190,284,16,67.0,5.0,1391.5
1191,285,15,67.0,4.0,1392.5
1192,285,15,67.0,4.0,1392.5
1193,285,15,67.0,4.0,1392.5
1194,286,14,63.0,4.0,1396.5
1195,286,14,63.0,4.0,1396.5
1196,286,14,63.0,4.0,1396.5
1197,286,14,63.0,4.0,1396.5
1198,286,14,63.0,4.0,1396.5
1199,286,14,63.0,4.0,1396.5
1200,286,14,63.0,4.0,1396.5
1201,286,14,63.0,4.0,1396.5
1202,286,14,63.0,4.0,1396.5
1203,286,14,63.0,4.0,1396.5
1204,286,14,63.0,4.0,1396.5
1205,286,14,63.0,4.0,1396.5
1206,286,14,63.0,4.0,1396.5
1207,286,14,63.0,4.0,1396.5
1208,286,14,63.0,4.0,1396.5
1209,286,14,63.0,4.0,1396.5
1210,286,14,63.0,4.0,1396.5
1211,286,14,63.0,4.0,1396.5
1212,286,14,63.0,4.0,1396.5
1213,286,14,63.0,4.0,1396.5
1214,286,14,63.0,4.0,1396.5
1215,286,14,63.0,4.0,1396.5
1216,286,14,63.0,4.0,1396.5
1217,286,14,63.0,4.0,1396.5
1218,286,14,63.0,4.0,1396.5
1219,286,14,63.0,4.0,1396.5
1220,286,14,63.0,4.0,1396.5
1221,286,14,63.0,4.0,1396.5
1222,286,14,63.0,4.0,1396.5
1223,286,14,63.0,4.0,1396.5
1224,286,14,63.0,4.0,1396.5
1225,286,14,63.0,4.0,1396.5
1226,286,14,63.0,4.0,1396.5
1227,286,14,63.0,4.0,1396.5
1228,286,14,63.0,4.0,1396.5
1229,286,14,63.0,4.0,1396.5
1230,286,14,63.0,4.0,1396.5
1231,286,14,63.0,4.0,1396.5
1232,286,14,63.0,4.0,1396.5
1233,286,14,63.0,4.0,1396.5
1234,286,14,63.0,4.0,1396.5
1235,286,14,63.0,4.0,1396.5
1236,286,14,63.0,4.0,1396.5
1237,286,14,63.0,4.0,1396.5
1238,286,14,63.0,4.0,1396.5
1239,286,14,63.0,4.0,1396.5
1240,286,14,63.0,4.0,1396.5
1241,286,14,63.0,4.0,1396.5
1242,286,14,63.0,4.0,1396.5
1243,286,14,63.0,4.0,1396.5
1244,286,14,63.0,4.0,1396.5
1245,286,14,63.0,4.0,1396.5
1246,286,14,63.0,4.0,1396.5
1247,286,14,63.0,4.0,1396.5
1248,286,14,63.0,4.0,1396.5
1249,286,14,63.0,4.0,1396.5
1250,286,14,63.0,4.0,1396.5
1251,286,14,63.0,4.0,1396.5
1252,286,14,63.0,4.0,1396.5
1253,286,14,63.0,4.0,1396.5
1254,286,14,63.0,4.0,1396.5
1255,286,14,63.0,4.0,1396.5
1256,286,14,63.0,4.0,1396.5
1257,286,14,63.0,4.0,1396.5
1258,286,14,63.0,4.0,1396.5
1259,286,14,63.0,4.0,1396.5
1260,286,14,63.0,4.0,1396.5
1261,286,14,63.0,4.0,1396.5
1262,286,14,62.0,4.0,1397.5
1263,286,14,62.0,4.0,1397.5
1264,286,14,62.0,4.0,1397.5
1265,286,14,62.0,4.0,1397.5
1266,286,14,62.0,4.0,1397.5
1267,286,14,62.0,4.0,1397.5
1268,286,14,62.0,4.0,1397.5
1269,286,14,62.0,4.0,1397.5
1270,286,14,62.0,4.0,1397.5
1271,286,14,62.0,4.0,1397.5
1272,286,14,62.0,4.0,1397.5
1273,286,14,62.0,4.0,1397.5
1274,286,14,62.0,4.0,1397.5
1275,286,14,62.0,4.0,1397.5
1276,286,14,61.0,4.0,1398.5
1277,286,14,61.0,4.0,1398.5
1278,286,14,61.0,4.0,1398.5
1279,286,14,61.0,4.0,1398.5
1280,286,14,61.0,4.0,1398.5
1281,286,14,61.0,4.0,1398.5
1282,286,14,61.0,4.0,1398.5
1283,286,14,61.0,4.0,1398.5
1284,286,14,61.0,4.0,1398.5
1285,286,14,61.0,4.0,1398.5
1286,286,14,61.0,4.0,1398.5
1287,286,14,61.0,4.0,1398.5
1288,286,14,61.0,4.0,1398.5
1289,286,14,61.0,4.0,1398.5
1290,286,14,61.0,4.0,1398.5
1291,286,14,61.0,4.0,1398.5
1292,286,14,61.0,4.0,1398.5
1293,286,14,61.0,4.0,1398.5
1294,286,14,61.0,4.0,1398.5
1295,286,14,60.0,4.0,1399.5
1296,286,14,60.0,4.0,1399.5
1297,286,14,60.0,4.0,1399.5
1298,286,14,60.0,4.0,1399.5
1299,286,14,60.0,4.0,1399.5
1300,286,14,60.0,4.0,1399.5
1301,286,14,60.0,4.0,1399.5
1302,286,14,60.0,4.0,1399.5
1303,287,13,58.0,4.0,1401.5
1304,287,13,58.0,4.0,1401.5
1305,287,13,58.0,4.0,1401.5
1306,287,13,58.0,4.0,1401.5
1307,287,13,58.0,4.0,1401.5
1308,287,13,58.0,4.0,1401.5
1309,287,13,58.0,4.0,1401.5
1310,287,13,58.0,4.0,1401.5
1311,287,13,58.0,4.0,1401.5
1312,287,13,58.0,4.0,1401.5
1313,287,13,58.0,4.0,1401.5
1314,288,12,51.0,2.0,1410.5
1315,288,12,51.0,2.0,1410.5
1316,288,12,51.0,2.0,1410.5
1317,288,12,51.0,2.0,1410.5
1318,288,12,51.0,2.0,1410.5
1319,288,12,51.0,2.0,1410.5
1320,288,12,51.0,2.0,1410.5
1321,288,12,51.0,2.0,1410.5
1322,288,12,51.0,2.0,1410.5
1323,288,12,51.0,2.0,1410.5
1324,288,12,51.0,2.0,1410.5
1325,288,12,51.0,2.0,1410.5
1326,288,12,51.0,2.0,1410.5
1327,288,12,51.0,2.0,1410.5
1328,288,12,51.0,2.0,1410.5
1329,288,12,50.0,2.0,1411.5
1330,288,12,50.0,2.0,1411.5
1331,288,12,50.0,2.0,1411.5
1332,288,12,50.0,2.0,1411.5
1333,288,12,50.0,2.0,1411.5
1334,288,12,50.0,2.0,1411.5
1335,288,12,50.0,2.0,1411.5
1336,288,12,50.0,2.0,1411.5
1337,288,12,50.0,2.0,1411.5
1338,288,12,50.0,2.0,1411.5
1339,288,12,50.0,2.0,1411.5
1340,288,12,50.0,2.0,1411.5
1341,289,11,45.0,1.0,1417.5
1342,289,11,45.0,1.0,1417.5
1343,289,11,45.0,1.0,1417.5
1344,289,11,45.0,1.0,1417.5
1345,289,11,45.0,1.0,1417.5
1346,289,11,45.0,1.0,1417.5
1347,289,11,45.0,1.0,1417.5
1348,289,11,45.0,1.0,1417.5
1349,289,11,45.0,1.0,1417.5
1350,289,11,45.0,1.0,1417.5
1351,289,11,45.0,1.0,1417.5
1352,289,11,45.0,1.0,1417.5
1353,289,11,45.0,1.0,1417.5
1354,289,11,45.0,1.0,1417.5
1355,289,11,45.0,1.0,1417.5
1356,289,11,45.0,1.0,1417.5
1357,289,11,45.0,1.0,1417.5
1358,289,11,45.0,1.0,1417.5
1359,289,11,45.0,1.0,1417.5
1360,289,11,45.0,1.0,1417.5
1361,289,11,45.0,1.0,1417.5
1362,289,11,45.0,1.0,1417.5
1363,289,11,45.0,1.0,1417.5
1364,289,11,45.0,1.0,1417.5
1365,289,11,45.0,1.0,1417.5
1366,289,11,45.0,1.0,1417.5
1367,289,11,45.0,1.0,1417.5
1368,289,11,45.0,1.0,1417.5
1369,289,11,45.0,1.0,1417.5
1370,290,10,39.0,1.0,1423.5
1371,290,10,39.0,1.0,1423.5
1372,290,10,39.0,1.0,1423.5
1373,290,10,39.0,1.0,1423.5
1374,290,10,39.0,1.0,1423.5
1375,290,10,39.0,1.0,1423.5
1376,290,10,39.0,1.0,1423.5
1377,290,10,39.0,1.0,1423.5
1378,290,10,39.0,1.0,1423.5
1379,290,10,39.0,1.0,1423.5
1380,290,10,39.0,1.0,1423.5
1381,290,10,39.0,1.0,1423.5
1382,290,10,39.0,1.0,1423.5
1383,290,10,39.0,1.0,1423.5
1384,290,10,39.0,1.0,1423.5
1385,290,10,39.0,1.0,1423.5
1386,290,10,39.0,1.0,1423.5
1387,290,10,39.0,1.0,1423.5
1388,290,10,39.0,1.0,1423.5
1389,290,10,39.0,1.0,1423.5
1390,290,10,39.0,1.0,1423.5
1391,290,10,39.0,1.0,1423.5
1392,290,10,39.0,1.0,1423.5
1393,290,10,39.0,1.0,1423.5
1394,290,10,39.0,1.0,1423.5
1395,290,10,39.0,1.0,1423.5
1396,290,10,39.0,1.0,1423.5
1397,290,10,39.0,1.0,1423.5
1398,290,10,39.0,1.0,1423.5
1399,290,10,39.0,1.0,1423.5
1400,290,10,39.0,1.0,1423.5
1401,290,10,39.0,1.0,1423.5
1402,290,10,39.0,1.0,1423.5
1403,290,10,39.0,1.0,1423.5
1404,290,10,39.0,1.0,1423.5
1405,290,10,39.0,1.0,1423.5
1406,290,10,39.0,1.0,1423.5
1407,291,9,34.0,1.0,1428.5
1408,291,9,34.0,1.0,1428.5
1409,291,9,34.0,1.0,1428.5
1410,291,9,34.0,1.0,1428.5
1411,291,9,34.0,1.0,1428.5
1412,292,8,30.0,1.0,1432.5
1413,292,8,30.0,1.0,1432.5
1414,292,8,30.0,1.0,1432.5
1415,292,8,30.0,1.0,1432.5
1416,292,8,30.0,1.0,1432.5
1417,292,8,30.0,1.0,1432.5
1418,292,8,30.0,1.0,1432.5
1419,292,8,30.0,1.0,1432.5
1420,292,8,30.0,1.0,1432.5
1421,292,8,30.0,1.0,1432.5
1422,292,8,30.0,1.0,1432.5
1423,292,8,30.0,1.0,1432.5
1424,292,8,30.0,1.0,1432.5
1425,292,8,30.0,1.0,1432.5
1426,292,8,30.0,1.0,1432.5
1427,292,8,30.0,1.0,1432.5
1428,292,8,30.0,1.0,1432.5
1429,292,8,30.0,1.0,1432.5
1430,292,8,30.0,1.0,1432.5
1431,292,8,30.0,1.0,1432.5
1432,292,8,30.0,1.0,1432.5
1433,292,8,30.0,1.0,1432.5
1434,292,8,30.0,1.0,1432.5
1435,292,8,30.0,1.0,1432.5
1436,292,8,30.0,1.0,1432.5
1437,292,8,30.0,1.0,1432.5
1438,292,8,30.0,1.0,1432.5
1439,292,8,30.0,1.0,1432.5
1440,292,8,30.0,1.0,1432.5
1441,293,7,27.0,1.0,1435.5
1442,293,7,27.0,1.0,1435.5
1443,293,7,27.0,1.0,1435.5
1444,293,7,27.0,1.0,1435.5
1445,293,7,27.0,1.0,1435.5
1446,293,7,27.0,1.0,1435.5
1447,293,7,27.0,1.0,1435.5
1448,293,7,27.0,1.0,1435.5
1449,293,7,27.0,1.0,1435.5
1450,293,7,27.0,1.0,1435.5
1451,293,7,27.0,1.0,1435.5
1452,293,7,27.0,1.0,1435.5
1453,294,6,24.0,1.0,1438.5
1454,294,6,24.0,1.0,1438.5
1455,294,6,24.0,1.0,1438.5
1456,294,6,24.0,1.0,1438.5
1457,294,6,24.0,1.0,1438.5
1458,294,6,24.0,1.0,1438.5
1459,294,6,24.0,1.0,1438.5
1460,294,6,24.0,1.0,1438.5
1461,294,6,24.0,1.0,1438.5
1462,294,6,24.0,1.0,1438.5
1463,294,6,24.0,1.0,1438.5
1464,294,6,24.0,1.0,1438.5
1465,294,6,24.0,1.0,1438.5
1466,294,6,24.0,1.0,1438.5
1467,294,6,24.0,1.0,1438.5
1468,294,6,24.0,1.0,1438.5
1469,294,6,24.0,1.0,1438.5
1470,294,6,24.0,1.0,1438.5
1471,294,6,24.0,1.0,1438.5
1472,294,6,24.0,1.0,1438.5
1473,294,6,24.0,1.0,1438.5
1474,294,6,23.0,1.0,1439.5
1475,294,6,23.0,1.0,1439.5
1476,294,6,23.0,1.0,1439.5
1477,294,6,23.0,1.0,1439.5
1478,294,6,23.0,1.0,1439.5
1479,294,6,23.0,1.0,1439.5
1480,294,6,23.0,1.0,1439.5
1481,294,6,23.0,1.0,1439.5
1482,294,6,23.0,1.0,1439.5
1483,294,6,23.0,1.0,1439.5
1484,294,6,23.0,1.0,1439.5
1485,294,6,23.0,1.0,1439.5
1486,294,6,23.0,1.0,1439.5
1487,294,6,23.0,1.0,1439.5
1488,294,6,23.0,1.0,1439.5
1489,294,6,23.0,1.0,1439.5
1490,294,6,23.0,1.0,1439.5
1491,294,6,23.0,1.0,1439.5
1492,294,6,23.0,1.0,1439.5
1493,294,6,23.0,1.0,1439.5
1494,294,6,23.0,1.0,1439.5
1495,294,6,23.0,1.0,1439.5
1496,294,6,23.0,1.0,1439.5
1497,294,6,23.0,1.0,1439.5
1498,294,6,23.0,1.0,1439.5
1499,294,6,23.0,1.0,1439.5
1500,294,6,23.0,1.0,1439.5
1501,294,6,23.0,1.0,1439.5
1502,294,6,23.0,1.0,1439.5
1503,294,6,23.0,1.0,1439.5
1504,294,6,23.0,1.0,1439.5
1505,294,6,23.0,1.0,1439.5
1506,294,6,23.0,1.0,1439.5
1507,294,6,23.0,1.0,1439.5
1508,294,6,23.0,1.0,1439.5
1509,294,6,23.0,1.0,1439.5
1510,294,6,23.0,1.0,1439.5
1511,294,6,23.0,1.0,1439.5
1512,294,6,23.0,1.0,1439.5
1513,294,6,23.0,1.0,1439.5
1514,294,6,23.0,1.0,1439.5
1515,294,6,23.0,1.0,1439.5
1516,294,6,23.0,1.0,1439.5
1517,294,6,23.0,1.0,1439.5
1518,294,6,23.0,1.0,1439.5
1519,294,6,23.0,1.0,1439.5
1520,294,6,23.0,1.0,1439.5
1521,294,6,23.0,1.0,1439.5
1522,294,6,23.0,1.0,1439.5
1523,294,6,23.0,1.0,1439.5
1524,294,6,23.0,1.0,1439.5
1525,294,6,23.0,1.0,1439.5
1526,294,6,23.0,1.0,1439.5
1527,294,6,23.0,1.0,1439.5
1528,294,6,23.0,1.0,1439.5
1529,294,6,23.0,1.0,1439.5
1530,294,6,23.0,1.0,1439.5
1531,294,6,23.0,1.0,1439.5
1532,294,6,22.0,1.0,1440.5
1533,294,6,22.0,1.0,1440.5
1534,294,6,22.0,1.0,1440.5
1535,294,6,22.0,1.0,1440.5
1536,294,6,22.0,1.0,1440.5
1537,294,6,22.0,1.0,1440.5
1538,294,6,22.0,1.0,1440.5
1539,294,6,22.0,1.0,1440.5
1540,294,6,22.0,1.0,1440.5
1541,294,6,22.0,1.0,1440.5
1542,294,6,22.0,1.0,1440.5
1543,294,6,22.0,1.0,1440.5
1544,294,6,22.0,1.0,1440.5
1545,294,6,22.0,1.0,1440.5
1546,294,6,22.0,1.0,1440.5
1547,294,6,22.0,1.0,1440.5
1548,294,6,22.0,1.0,1440.5
1549,294,6,22.0,1.0,1440.5
1550,294,6,22.0,1.0,1440.5
1551,294,6,22.0,1.0,1440.5
1552,294,6,22.0,1.0,1440.5
1553,294,6,22.0,1.0,1440.5
1554,294,6,22.0,1.0,1440.5
1555,294,6,22.0,1.0,1440.5
1556,294,6,22.0,1.0,1440.5
1557,294,6,22.0,1.0,1440.5
1558,294,6,22.0,1.0,1440.5
1559,294,6,22.0,1.0,1440.5
1560,294,6,22.0,1.0,1440.5
1561,294,6,22.0,1.0,1440.5
1562,294,6,22.0,1.0,1440.5
1563,294,6,22.0,1.0,1440.5
1564,294,6,22.0,1.0,1440.5
1565,294,6,22.0,1.0,1440.5
1566,294,6,22.0,1.0,1440.5
1567,294,6,22.0,1.0,1440.5
1568,294,6,22.0,1.0,1440.5
1569,294,6,22.0,1.0,1440.5
1570,294,6,22.0,1.0,1440.5
1571,294,6,22.0,1.0,1440.5
1572,294,6,22.0,1.0,1440.5
1573,294,6,22.0,1.0,1440.5
1574,294,6,22.0,1.0,1440.5
1575,294,6,22.0,1.0,1440.5
1576,294,6,22.0,1.0,1440.5
1577,294,6,22.0,1.0,1440.5
1578,294,6,22.0,1.0,1440.5
1579,294,6,22.0,1.0,1440.5
1580,294,6,22.0,1.0,1440.5
1581,294,6,22.0,1.0,1440.5
1582,294,6,22.0,1.0,1440.5
1583,294,6,22.0,1.0,1440.5
1584,295,5,17.0,1.0,1445.5
1585,295,5,17.0,1.0,1445.5
1586,295,5,17.0,1.0,1445.5
1587,295,5,17.0,1.0,1445.5
1588,295,5,17.0,1.0,1445.5
1589,295,5,17.0,1.0,1445.5
1590,295,5,17.0,1.0,1445.5
1591,295,5,17.0,1.0,1445.5
1592,295,5,17.0,1.0,1445.5
1593,295,5,17.0,1.0,1445.5
1594,295,5,17.0,1.0,1445.5
1595,295,5,17.0,1.0,1445.5
1596,295,5,17.0,1.0,1445.5
1597,295,5,17.0,1.0,1445.5
1598,295,5,17.0,1.0,1445.5
1599,295,5,17.0,1.0,1445.5
1600,295,5,17.0,1.0,1445.5
1601,295,5,17.0,1.0,1445.5
1602,295,5,17.0,1.0,1445.5
1603,295,5,17.0,1.0,1445.5
1604,295,5,17.0,1.0,1445.5
1605,295,5,17.0,1.0,1445.5
1606,295,5,17.0,1.0,1445.5
1607,295,5,17.0,1.0,1445.5
1608,295,5,16.0,1.0,1446.5
1609,295,5,16.0,1.0,1446.5
1610,295,5,16.0,1.0,1446.5
1611,295,5,16.0,1.0,1446.5
1612,295,5,16.0,1.0,1446.5
1613,295,5,16.0,1.0,1446.5
1614,295,5,16.0,1.0,1446.5
1615,295,5,16.0,1.0,1446.5
1616,295,5,15.0,1.0,1447.5
1617,295,5,15.0,1.0,1447.5
1618,295,5,15.0,1.0,1447.5
1619,295,5,15.0,1.0,1447.5
1620,295,5,15.0,1.0,1447.5
1621,295,5,15.0,1.0,1447.5
1622,295,5,15.0,1.0,1447.5
1623,295,5,15.0,1.0,1447.5
1624,295,5,15.0,1.0,1447.5
1625,295,5,15.0,1.0,1447.5
1626,295,5,15.0,1.0,1447.5
1627,295,5,15.0,1.0,1447.5
1628,295,5,15.0,1.0,1447.5
1629,295,5,15.0,1.0,1447.5
1630,295,5,15.0,1.0,1447.5
1631,295,5,15.0,1.0,1447.5
1632,295,5,15.0,1.0,1447.5
1633,295,5,15.0,1.0,1447.5
1634,295,5,15.0,1.0,1447.5
1635,295,5,15.0,1.0,1447.5
1636,295,5,15.0,1.0,1447.5
1637,295,5,15.0,1.0,1447.5
1638,295,5,15.0,1.0,1447.5
1639,295,5,15.0,1.0,1447.5
1640,295,5,15.0,1.0,1447.5
1641,295,5,15.0,1.0,1447.5
1642,295,5,15.0,1.0,1447.5
1643,295,5,15.0,1.0,1447.5
1644,296,4,12.0,0.0,1451.5
1645,296,4,12.0,0.0,1451.5
1646,296,4,12.0,0.0,1451.5
1647,296,4,12.0,0.0,1451.5
1648,297,3,8.0,0.0,1455.5
1649,297,3,8.0,0.0,1455.5
1650,297,3,8.0,0.0,1455.5
1651,297,3,8.0,0.0,1455.5
1652,297,3,8.0,0.0,1455.5
1653,297,3,8.0,0.0,1455.5
1654,297,3,8.0,0.0,1455.5
1655,297,3,8.0,0.0,1455.5
1656,297,3,8.0,0.0,1455.5
1657,297,3,8.0,0.0,1455.5
1658,297,3,8.0,0.0,1455.5
1659,297,3,8.0,0.0,1455.5
1660,297,3,8.0,0.0,1455.5
1661,297,3,8.0,0.0,1455.5
1662,297,3,8.0,0.0,1455.5
1663,297,3,8.0,0.0,1455.5
1664,297,3,8.0,0.0,1455.5
1665,297,3,8.0,0.0,1455.5
1666,297,3,8.0,0.0,1455.5
1667,297,3,8.0,0.0,1455.5
1668,297,3,8.0,0.0,1455.5
1669,297,3,8.0,0.0,1455.5
1670,297,3,8.0,0.0,1455.5
1671,297,3,8.0,0.0,1455.5
1672,297,3,8.0,0.0,1455.5
1673,297,3,8.0,0.0,1455.5
1674,297,3,8.0,0.0,1455.5
1675,297,3,8.0,0.0,1455.5
1676,297,3,8.0,0.0,1455.5
1677,297,3,8.0,0.0,1455.5
1678,297,3,8.0,0.0,1455.5
1679,297,3,8.0,0.0,1455.5
1680,297,3,8.0,0.0,1455.5
1681,297,3,8.0,0.0,1455.5
1682,297,3,8.0,0.0,1455.5
1683,297,3,8.0,0.0,1455.5
1684,297,3,8.0,0.0,1455.5
1685,297,3,8.0,0.0,1455.5
1686,297,3,8.0,0.0,1455.5
1687,297,3,8.0,0.0,1455.5
1688,297,3,8.0,0.0,1455.5
1689,297,3,7.0,0.0,1456.5
1690,297,3,7.0,0.0,1456.5
1691,297,3,7.0,0.0,1456.5
1692,297,3,7.0,0.0,1456.5
1693,297,3,7.0,0.0,1456.5
1694,297,3,7.0,0.0,1456.5
1695,297,3,7.0,0.0,1456.5
1696,297,3,7.0,0.0,1456.5
1697,297,3,7.0,0.0,1456.5
1698,297,3,7.0,0.0,1456.5
1699,297,3,7.0,0.0,1456.5
1700,297,3,7.0,0.0,1456.5
1701,297,3,7.0,0.0,1456.5
1702,297,3,7.0,0.0,1456.5
1703,297,3,7.0,0.0,1456.5
1704,297,3,7.0,0.0,1456.5
1705,297,3,7.0,0.0,1456.5
1706,297,3,7.0,0.0,1456.5
1707,297,3,7.0,0.0,1456.5
1708,297,3,7.0,0.0,1456.5
1709,297,3,7.0,0.0,1456.5
1710,297,3,7.0,0.0,1456.5
1711,297,3,7.0,0.0,1456.5
1712,297,3,7.0,0.0,1456.5
1713,297,3,7.0,0.0,1456.5
1714,297,3,7.0,0.0,1456.5
1715,297,3,7.0,0.0,1456.5
1716,297,3,7.0,0.0,1456.5
1717,297,3,7.0,0.0,1456.5
1718,297,3,7.0,0.0,1456.5
1719,297,3,7.0,0.0,1456.5
1720,297,3,7.0,0.0,1456.5
1721,297,3,7.0,0.0,1456.5
1722,297,3,7.0,0.0,1456.5
1723,297,3,7.0,0.0,1456.5
1724,297,3,7.0,0.0,1456.5
1725,297,3,7.0,0.0,1456.5
1726,297,3,7.0,0.0,1456.5
1727,297,3,7.0,0.0,1456.5
1728,297,3,7.0,0.0,1456.5
1729,297,3,7.0,0.0,1456.5
1730,297,3,7.0,0.0,1456.5
1731,297,3,7.0,0.0,1456.5
1732,297,3,7.0,0.0,1456.5
1733,297,3,7.0,0.0,1456.5
1734,297,3,7.0,0.0,1456.5
1735,297,3,7.0,0.0,1456.5
1736,297,3,7.0,0.0,1456.5
1737,297,3,7.0,0.0,1456.5
1738,297,3,7.0,0.0,1456.5
1739,297,3,7.0,0.0,1456.5
1740,297,3,7.0,0.0,1456.5
1741,297,3,7.0,0.0,1456.5
1742,297,3,7.0,0.0,1456.5
1743,297,3,7.0,0.0,1456.5
1744,297,3,7.0,0.0,1456.5
1745,297,3,7.0,0.0,1456.5
1746,297,3,7.0,0.0,1456.5
1747,297,3,7.0,0.0,1456.5
1748,297,3,7.0,0.0,1456.5
1749,297,3,7.0,0.0,1456.5
1750,297,3,7.0,0.0,1456.5
1751,297,3,7.0,0.0,1456.5
1752,297,3,7.0,0.0,1456.5
1753,297,3,7.0,0.0,1456.5
1754,297,3,7.0,0.0,1456.5
1755,297,3,7.0,0.0,1456.5
1756,297,3,7.0,0.0,1456.5
1757,297,3,7.0,0.0,1456.5
1758,297,3,7.0,0.0,1456.5
1759,297,3,7.0,0.0,1456.5
1760,297,3,7.0,0.0,1456.5
1761,297,3,7.0,0.0,1456.5
1762,297,3,7.0,0.0,1456.5
1763,297,3,7.0,0.0,1456.5
1764,297,3,7.0,0.0,1456.5
1765,297,3,7.0,0.0,1456.5
1766,297,3,7.0,0.0,1456.5
1767,297,3,7.0,0.0,1456.5
1768,297,3,7.0,0.0,1456.5
1769,297,3,7.0,0.0,1456.5
1770,297,3,7.0,0.0,1456.5
1771,297,3,7.0,0.0,1456.5
1772,297,3,7.0,0.0,1456.5
1773,297,3,7.0,0.0,1456.5
1774,298,2,4.0,0.0,1459.5
1775,298,2,4.0,0.0,1459.5
1776,298,2,4.0,0.0,1459.5
1777,298,2,4.0,0.0,1459.5
1778,298,2,4.0,0.0,1459.5
1779,298,2,4.0,0.0,1459.5
1780,298,2,4.0,0.0,1459.5
1781,298,2,4.0,0.0,1459.5
1782,298,2,4.0,0.0,1459.5
1783,298,2,4.0,0.0,1459.5
1784,298,2,4.0,0.0,1459.5
1785,298,2,4.0,0.0,1459.5
1786,298,2,4.0,0.0,1459.5
1787,298,2,4.0,0.0,1459.5
1788,298,2,4.0,0.0,1459.5
1789,298,2,4.0,0.0,1459.5
1790,298,2,4.0,0.0,1459.5
1791,298,2,4.0,0.0,1459.5
1792,298,2,4.0,0.0,1459.5
1793,298,2,4.0,0.0,1459.5
1794,298,2,4.0,0.0,1459.5
1795,298,2,4.0,0.0,1459.5
1796,298,2,4.0,0.0,1459.5
1797,298,2,4.0,0.0,1459.5
1798,298,2,4.0,0.0,1459.5
1799,298,2,4.0,0.0,1459.5
1800,298,2,4.0,0.0,1459.5
1801,298,2,4.0,0.0,1459.5
1802,298,2,4.0,0.0,1459.5
1803,298,2,4.0,0.0,1459.5
1804,298,2,4.0,0.0,1459.5
1805,298,2,4.0,0.0,1459.5
1806,298,2,4.0,0.0,1459.5
1807,298,2,4.0,0.0,1459.5
1808,298,2,4.0,0.0,1459.5
1809,298,2,4.0,0.0,1459.5
1810,298,2,4.0,0.0,1459.5
1811,298,2,4.0,0.0,1459.5
1812,298,2,4.0,0.0,1459.5
1813,298,2,4.0,0.0,1459.5
1814,298,2,4.0,0.0,1459.5
1815,298,2,4.0,0.0,1459.5
1816,298,2,4.0,0.0,1459.5
1817,298,2,4.0,0.0,1459.5
1818,298,2,4.0,0.0,1459.5
1819,298,2,4.0,0.0,1459.5
1820,298,2,4.0,0.0,1459.5
1821,298,2,4.0,0.0,1459.5
1822,298,2,4.0,0.0,1459.5
1823,298,2,4.0,0.0,1459.5
1824,298,2,4.0,0.0,1459.5
1825,298,2,4.0,0.0,1459.5
1826,298,2,4.0,0.0,1459.5
1827,298,2,4.0,0.0,1459.5
1828,298,2,4.0,0.0,1459.5
1829,298,2,4.0,0.0,1459.5
1830,298,2,4.0,0.0,1459.5
1831,298,2,4.0,0.0,1459.5
1832,298,2,4.0,0.0,1459.5
1833,298,2,4.0,0.0,1459.5
1834,298,2,4.0,0.0,1459.5
1835,298,2,4.0,0.0,1459.5
1836,298,2,4.0,0.0,1459.5
1837,298,2,4.0,0.0,1459.5
1838,298,2,4.0,0.0,1459.5
1839,298,2,4.0,0.0,1459.5
1840,298,2,4.0,0.0,1459.5
1841,298,2,4.0,0.0,1459.5
1842,298,2,4.0,0.0,1459.5
1843,298,2,4.0,0.0,1459.5
1844,298,2,4.0,0.0,1459.5
1845,298,2,4.0,0.0,1459.5
1846,298,2,4.0,0.0,1459.5
1847,298,2,4.0,0.0,1459.5
1848,298,2,4.0,0.0,1459.5
1849,298,2,4.0,0.0,1459.5
1850,298,2,4.0,0.0,1459.5
1851,298,2,4.0,0.0,1459.5
1852,298,2,4.0,0.0,1459.5
1853,298,2,4.0,0.0,1459.5
1854,298,2,4.0,0.0,1459.5
1855,298,2,4.0,0.0,1459.5
1856,298,2,4.0,0.0,1459.5
1857,298,2,4.0,0.0,1459.5
1858,298,2,4.0,0.0,1459.5
1859,298,2,4.0,0.0,1459.5
1860,298,2,4.0,0.0,1459.5
1861,298,2,4.0,0.0,1459.5
1862,298,2,4.0,0.0,1459.5
1863,298,2,4.0,0.0,1459.5
1864,298,2,4.0,0.0,1459.5
1865,298,2,4.0,0.0,1459.5
1866,298,2,4.0,0.0,1459.5
1867,298,2,4.0,0.0,1459.5
1868,298,2,4.0,0.0,1459.5
1869,298,2,4.0,0.0,1459.5
1870,298,2,4.0,0.0,1459.5
1871,298,2,4.0,0.0,1459.5
1872,298,2,4.0,0.0,1459.5
1873,298,2,4.0,0.0,1459.5
1874,298,2,4.0,0.0,1459.5
1875,298,2,4.0,0.0,1459.5
1876,298,2,4.0,0.0,1459.5
1877,298,2,4.0,0.0,1459.5
1878,298,2,4.0,0.0,1459.5
1879,298,2,4.0,0.0,1459.5
1880,298,2,4.0,0.0,1459.5
1881,298,2,4.0,0.0,1459.5
1882,298,2,4.0,0.0,1459.5
1883,298,2,4.0,0.0,1459.5
1884,298,2,4.0,0.0,1459.5
1885,298,2,4.0,0.0,1459.5
1886,298,2,4.0,0.0,1459.5
1887,298,2,4.0,0.0,1459.5
1888,298,2,4.0,0.0,1459.5
1889,298,2,4.0,0.0,1459.5
1890,298,2,4.0,0.0,1459.5
1891,298,2,4.0,0.0,1459.5
1892,298,2,4.0,0.0,1459.5
1893,298,2,4.0,0.0,1459.5
1894,298,2,4.0,0.0,1459.5
1895,298,2,4.0,0.0,1459.5
1896,298,2,4.0,0.0,1459.5
1897,298,2,4.0,0.0,1459.5
1898,298,2,4.0,0.0,1459.5
1899,298,2,4.0,0.0,1459.5
1900,298,2,4.0,0.0,1459.5
1901,298,2,4.0,0.0,1459.5
1902,298,2,4.0,0.0,1459.5
1903,298,2,4.0,0.0,1459.5
1904,298,2,4.0,0.0,1459.5
1905,298,2,4.0,0.0,1459.5
1906,298,2,4.0,0.0,1459.5
1907,298,2,4.0,0.0,1459.5
1908,298,2,4.0,0.0,1459.5
1909,298,2,4.0,0.0,1459.5
1910,298,2,4.0,0.0,1459.5
1911,298,2,4.0,0.0,1459.5
1912,298,2,4.0,0.0,1459.5
1913,298,2,4.0,0.0,1459.5
1914,298,2,4.0,0.0,1459.5
1915,298,2,4.0,0.0,1459.5
1916,298,2,4.0,0.0,1459.5
1917,299,1,0.0,0.0,1463.5
