t,infected,susceptible,[IS],[SS],[II]
1,187,113,708.0,220.0,547.0
2,187,113,707.0,221.0,547.0
3,187,113,706.0,221.0,548.0
4,187,113,706.0,221.0,548.0
5,187,113,706.0,221.0,548.0
6,187,113,706.0,221.0,548.0
7,188,112,700.0,220.0,555.0
8,188,112,700.0,220.0,555.0
9,188,112,700.0,220.0,555.0
10,188,112,700.0,220.0,555.0
11,188,112,699.0,220.0,556.0
12,188,112,699.0,220.0,556.0
13,188,112,699.0,220.0,556.0
14,188,112,699.0,220.0,556.0
15,188,112,699.0,220.0,556.0
16,189,111,698.0,217.0,560.0
17,189,111,697.0,217.0,561.0
18,189,111,697.0,217.0,561.0
19,189,111,696.0,217.0,562.0
20,190,110,694.0,214.0,567.0
21,190,110,694.0,214.0,567.0
22,190,110,694.0,214.0,567.0
23,190,110,693.0,215.0,567.0
24,190,110,693.0,215.0,567.0
25,190,110,693.0,215.0,567.0
26,191,109,690.0,213.0,572.0
27,192,108,685.0,202.0,588.0
28,193,107,683.0,186.0,606.0
29,193,107,682.0,187.0,606.0
30,194,106,674.0,186.0,615.0
31,194,106,673.0,187.0,615.0
32,194,106,673.0,187.0,615.0
33,194,106,673.0,187.0,615.0
34,195,105,664.0,182.0,629.0
35,196,104,661.0,181.0,633.0
36,197,103,661.0,178.0,636.0
37,197,103,661.0,178.0,636.0
38,197,103,660.0,179.0,636.0
39,197,103,659.0,179.0,637.0
40,198,102,647.0,177.0,651.0
41,199,101,644.0,176.0,655.0
42,199,101,644.0,176.0,655.0
43,199,101,643.0,176.0,656.0
44,199,101,643.0,176.0,656.0
45,199,101,642.0,177.0,656.0
46,199,101,641.0,178.0,656.0
47,199,101,640.0,179.0,656.0
48,200,100,610.0,157.0,708.0
49,201,99,607.0,149.0,719.0
50,202,98,606.0,146.0,723.0
51,202,98,606.0,146.0,723.0
52,202,98,605.0,146.0,724.0
53,202,98,604.0,146.0,725.0
54,202,98,604.0,146.0,725.0
55,202,98,604.0,146.0,725.0
56,203,97,600.0,144.0,731.0
57,203,97,600.0,144.0,731.0
58,203,97,600.0,144.0,731.0
59,203,97,600.0,144.0,731.0
60,203,97,600.0,144.0,731.0
61,203,97,600.0,144.0,731.0
62,203,97,599.0,145.0,731.0
63,203,97,599.0,145.0,731.0
64,204,96,594.0,138.0,743.0
65,204,96,594.0,138.0,743.0
66,204,96,594.0,138.0,743.0
67,205,95,591.0,136.0,748.0
68,205,95,591.0,136.0,748.0
69,205,95,590.0,136.0,749.0
70,205,95,590.0,136.0,749.0
71,205,95,589.0,137.0,749.0
72,206,94,588.0,135.0,752.0
73,207,93,580.0,133.0,762.0
74,207,93,580.0,133.0,762.0
75,207,93,579.0,133.0,763.0
76,207,93,579.0,133.0,763.0
77,207,93,579.0,133.0,763.0
78,207,93,579.0,133.0,763.0
79,208,92,576.0,132.0,767.0
80,209,91,555.0,115.0,805.0
81,209,91,555.0,115.0,805.0
82,209,91,555.0,115.0,805.0
83,210,90,555.0,112.0,808.0
84,210,90,554.0,113.0,808.0
85,211,89,552.0,111.0,812.0
86,211,89,552.0,111.0,812.0
87,211,89,552.0,111.0,812.0
88,211,89,551.0,111.0,813.0
89,211,89,550.0,111.0,814.0
90,211,89,550.0,111.0,814.0
91,211,89,550.0,111.0,814.0
92,212,88,544.0,110.0,821.0
93,212,88,544.0,110.0,821.0
94,213,87,541.0,108.0,826.0
95,213,87,541.0,108.0,826.0
96,213,87,541.0,108.0,826.0
97,213,87,541.0,108.0,826.0
98,214,86,536.0,108.0,831.0
99,214,86,536.0,108.0,831.0
100,214,86,536.0,108.0,831.0
101,214,86,536.0,108.0,831.0
102,214,86,536.0,108.0,831.0
103,214,86,535.0,108.0,832.0
104,214,86,535.0,108.0,832.0
105,215,85,524.0,101.0,850.0
106,215,85,523.0,101.0,851.0
107,215,85,523.0,101.0,851.0
108,216,84,517.0,99.0,859.0
109,216,84,517.0,99.0,859.0
110,216,84,517.0,99.0,859.0
111,216,84,517.0,99.0,859.0
112,216,84,517.0,99.0,859.0
113,217,83,514.0,98.0,863.0
114,218,82,511.0,97.0,867.0
115,218,82,511.0,97.0,867.0
116,219,81,513.0,92.0,870.0
117,219,81,513.0,92.0,870.0
118,219,81,512.0,92.0,871.0
119,219,81,512.0,92.0,871.0
120,219,81,512.0,92.0,871.0
121,219,81,512.0,92.0,871.0
122,219,81,512.0,92.0,871.0
123,220,80,502.0,92.0,881.0
124,220,80,502.0,92.0,881.0
125,221,79,499.0,91.0,885.0
126,222,78,495.0,90.0,890.0
127,222,78,494.0,90.0,891.0
128,222,78,494.0,90.0,891.0
129,222,78,494.0,90.0,891.0
130,222,78,493.0,90.0,891.0
131,222,78,493.0,90.0,891.0
132,223,77,494.0,87.0,893.0
133,223,77,493.0,87.0,894.0
134,224,76,489.0,86.0,899.0
135,224,76,489.0,86.0,899.0
136,224,76,489.0,86.0,899.0
137,224,76,488.0,86.0,899.0
138,224,76,488.0,86.0,899.0
139,224,76,487.0,86.0,900.0
140,224,76,487.0,86.0,900.0
141,224,76,486.0,87.0,900.0
142,224,76,486.0,87.0,900.0
143,224,76,485.0,88.0,900.0
144,224,76,485.0,88.0,900.0
145,224,76,485.0,88.0,900.0
146,224,76,484.0,88.0,901.0
147,224,76,484.0,88.0,901.0
148,224,76,484.0,88.0,901.0
149,224,76,484.0,88.0,901.0
150,224,76,484.0,88.0,901.0
151,225,75,468.0,81.0,924.0
152,226,74,462.0,80.0,931.0
153,226,74,462.0,80.0,931.0
154,226,74,461.0,81.0,931.0
155,226,74,461.0,81.0,931.0
156,226,74,461.0,81.0,931.0
157,226,74,461.0,81.0,931.0
158,226,74,461.0,81.0,931.0
159,226,74,461.0,81.0,931.0
160,226,74,461.0,81.0,931.0
161,227,73,453.0,79.0,941.0
162,227,73,453.0,79.0,941.0
163,227,73,453.0,79.0,941.0
164,227,73,453.0,79.0,941.0
165,228,72,450.0,78.0,945.0
166,228,72,450.0,78.0,945.0
167,229,71,435.0,73.0,965.0
168,229,71,435.0,73.0,965.0
169,229,71,435.0,73.0,965.0
170,230,70,426.0,72.0,975.0
171,230,70,426.0,72.0,975.0
172,230,70,426.0,72.0,975.0
173,230,70,426.0,72.0,975.0
174,230,70,426.0,72.0,975.0
175,230,70,425.0,72.0,976.0
176,230,70,425.0,72.0,976.0
177,230,70,425.0,72.0,976.0
178,230,70,425.0,72.0,976.0
179,231,69,421.0,71.0,981.0
180,231,69,421.0,71.0,981.0
181,231,69,421.0,71.0,981.0
182,231,69,421.0,71.0,981.0
183,231,69,421.0,71.0,981.0
184,231,69,421.0,71.0,981.0
185,231,69,421.0,71.0,981.0
186,232,68,418.0,70.0,985.0
187,232,68,418.0,70.0,985.0
188,232,68,418.0,70.0,985.0
189,232,68,418.0,70.0,985.0
190,232,68,418.0,70.0,985.0
191,232,68,417.0,71.0,985.0
192,232,68,417.0,71.0,985.0
193,232,68,417.0,71.0,985.0
194,233,67,411.0,71.0,991.0
195,234,66,405.0,69.0,999.0
196,234,66,404.0,69.0,1000.0
197,234,66,404.0,69.0,1000.0
198,234,66,404.0,69.0,1000.0
199,234,66,404.0,69.0,1000.0
200,234,66,404.0,69.0,1000.0
201,234,66,404.0,69.0,1000.0
202,235,65,398.0,69.0,1006.0
203,235,65,398.0,69.0,1006.0
204,235,65,397.0,70.0,1006.0
205,236,64,390.0,68.0,1015.0
206,236,64,390.0,68.0,1015.0
207,236,64,390.0,68.0,1015.0
208,236,64,390.0,68.0,1015.0
209,236,64,390.0,68.0,1015.0
210,236,64,390.0,68.0,1015.0
211,236,64,390.0,68.0,1015.0
212,236,64,390.0,68.0,1015.0
213,236,64,390.0,68.0,1015.0
214,236,64,390.0,68.0,1015.0
215,237,63,389.0,66.0,1018.0
216,237,63,389.0,66.0,1018.0
217,237,63,389.0,66.0,1018.0
218,237,63,389.0,66.0,1018.0
219,237,63,388.0,66.0,1019.0
220,237,63,388.0,66.0,1019.0
221,237,63,388.0,66.0,1019.0
222,237,63,388.0,66.0,1019.0
223,237,63,388.0,66.0,1019.0
224,237,63,388.0,66.0,1019.0
225,237,63,388.0,66.0,1019.0
226,237,63,388.0,66.0,1019.0
227,237,63,387.0,67.0,1019.0
228,237,63,387.0,67.0,1019.0
229,237,63,386.0,67.0,1020.0
230,237,63,386.0,67.0,1020.0
231,237,63,386.0,67.0,1020.0
232,237,63,386.0,67.0,1020.0
233,237,63,386.0,67.0,1020.0
234,237,63,386.0,67.0,1020.0
235,237,63,386.0,67.0,1020.0
236,237,63,386.0,67.0,1020.0
237,237,63,386.0,67.0,1020.0
238,237,63,386.0,67.0,1020.0
239,238,62,383.0,66.0,1024.0
240,239,61,379.0,66.0,1028.0
241,239,61,379.0,66.0,1028.0
242,239,61,378.0,66.0,1029.0
243,239,61,377.0,66.0,1030.0
244,239,61,376.0,67.0,1030.0
245,239,61,376.0,67.0,1030.0
246,239,61,376.0,67.0,1030.0
247,239,61,376.0,67.0,1030.0
248,239,61,376.0,67.0,1030.0
249,240,60,370.0,66.0,1037.0
250,240,60,370.0,66.0,1037.0
251,240,60,370.0,66.0,1037.0
252,240,60,369.0,66.0,1038.0
253,240,60,369.0,66.0,1038.0
254,240,60,369.0,66.0,1038.0
255,240,60,369.0,66.0,1038.0
256,240,60,369.0,66.0,1038.0
257,240,60,368.0,66.0,1039.0
258,241,59,362.0,63.0,1048.0
259,241,59,361.0,63.0,1049.0
260,242,58,357.0,61.0,1055.0
261,242,58,357.0,61.0,1055.0
262,242,58,357.0,61.0,1055.0
263,242,58,357.0,61.0,1055.0
264,242,58,357.0,61.0,1055.0
265,242,58,357.0,61.0,1055.0
266,242,58,357.0,61.0,1055.0
267,242,58,357.0,61.0,1055.0
268,242,58,357.0,61.0,1055.0
269,243,57,352.0,60.0,1061.0
270,243,57,352.0,60.0,1061.0
271,244,56,344.0,55.0,1074.0
272,244,56,344.0,55.0,1074.0
273,244,56,344.0,55.0,1074.0
274,244,56,344.0,55.0,1074.0
275,244,56,344.0,55.0,1074.0
276,245,55,340.0,54.0,1079.0
277,245,55,340.0,54.0,1079.0
278,246,54,332.0,51.0,1090.0
279,246,54,332.0,51.0,1090.0
280,246,54,332.0,51.0,1090.0
281,246,54,331.0,51.0,1091.0
282,247,53,323.0,49.0,1101.0
283,247,53,323.0,49.0,1101.0
284,247,53,323.0,49.0,1101.0
285,247,53,323.0,49.0,1101.0
286,247,53,323.0,49.0,1101.0
287,247,53,323.0,49.0,1101.0
288,248,52,313.0,47.0,1113.0
289,249,51,290.0,41.0,1142.0
290,249,51,290.0,41.0,1142.0
291,249,51,289.0,42.0,1142.0
292,249,51,289.0,42.0,1142.0
293,249,51,289.0,42.0,1142.0
294,249,51,289.0,42.0,1142.0
295,249,51,289.0,42.0,1142.0
296,249,51,289.0,42.0,1142.0
297,249,51,288.0,42.0,1143.0
298,249,51,288.0,42.0,1143.0
299,249,51,288.0,42.0,1143.0
300,249,51,288.0,42.0,1143.0
301,249,51,288.0,42.0,1143.0
302,249,51,288.0,42.0,1143.0
303,249,51,288.0,42.0,1143.0
304,249,51,288.0,42.0,1143.0
305,249,51,288.0,42.0,1143.0
306,249,51,288.0,42.0,1143.0
307,249,51,288.0,42.0,1143.0
308,249,51,288.0,42.0,1143.0
309,249,51,288.0,42.0,1143.0
310,250,50,279.0,38.0,1156.0
311,250,50,279.0,38.0,1156.0
312,250,50,279.0,38.0,1156.0
313,250,50,279.0,38.0,1156.0
314,250,50,279.0,38.0,1156.0
315,250,50,279.0,38.0,1156.0
316,251,49,276.0,37.0,1160.0
317,251,49,275.0,37.0,1161.0
318,251,49,275.0,37.0,1161.0
319,251,49,275.0,37.0,1161.0
320,252,48,272.0,36.0,1165.0
321,253,47,265.0,35.0,1173.0
322,253,47,265.0,35.0,1173.0
323,253,47,265.0,35.0,1173.0
324,253,47,265.0,35.0,1173.0
325,253,47,265.0,35.0,1173.0
326,253,47,264.0,35.0,1174.0
327,253,47,264.0,35.0,1174.0
328,253,47,264.0,35.0,1174.0
329,253,47,264.0,35.0,1174.0
330,253,47,263.0,35.0,1175.0
331,254,46,259.0,35.0,1179.0
332,255,45,254.0,34.0,1185.0
333,255,45,254.0,34.0,1185.0
334,255,45,254.0,34.0,1185.0
335,255,45,254.0,34.0,1185.0
336,255,45,254.0,34.0,1185.0
337,256,44,251.0,32.0,1190.0
338,256,44,251.0,32.0,1190.0
339,256,44,251.0,32.0,1190.0
340,256,44,251.0,32.0,1190.0
341,256,44,250.0,32.0,1191.0
342,256,44,250.0,32.0,1191.0
343,256,44,250.0,32.0,1191.0
344,256,44,250.0,32.0,1191.0
345,256,44,250.0,32.0,1191.0
346,256,44,250.0,32.0,1191.0
347,256,44,250.0,32.0,1191.0
348,256,44,250.0,32.0,1191.0
349,256,44,250.0,32.0,1191.0
350,256,44,250.0,32.0,1191.0
351,256,44,250.0,32.0,1191.0
352,256,44,250.0,32.0,1191.0
353,256,44,250.0,32.0,1191.0
354,256,44,250.0,32.0,1191.0
355,257,43,245.0,32.0,1196.0
356,258,42,239.0,32.0,1202.0
357,258,42,239.0,32.0,1202.0
358,258,42,238.0,32.0,1203.0
359,258,42,238.0,32.0,1203.0
360,258,42,238.0,32.0,1203.0
361,258,42,238.0,32.0,1203.0
362,258,42,238.0,32.0,1203.0
363,258,42,238.0,32.0,1203.0
364,258,42,238.0,32.0,1203.0
365,258,42,238.0,32.0,1203.0
366,258,42,238.0,32.0,1203.0
367,258,42,238.0,32.0,1203.0
368,258,42,238.0,32.0,1203.0
369,258,42,238.0,32.0,1203.0
370,258,42,238.0,32.0,1203.0
371,258,42,238.0,32.0,1203.0
372,258,42,238.0,32.0,1203.0
373,258,42,238.0,32.0,1203.0
374,258,42,238.0,32.0,1203.0
375,258,42,238.0,32.0,1203.0
376,259,41,233.0,31.0,1209.0
377,259,41,233.0,31.0,1209.0
378,259,41,232.0,31.0,1210.0
379,259,41,232.0,31.0,1210.0
380,259,41,232.0,31.0,1210.0
381,260,40,230.0,29.0,1214.0
382,260,40,230.0,29.0,1214.0
383,260,40,230.0,29.0,1214.0
384,260,40,230.0,29.0,1214.0
385,260,40,230.0,29.0,1214.0
386,260,40,230.0,29.0,1214.0
387,261,39,221.0,28.0,1224.0
388,261,39,221.0,28.0,1224.0
389,261,39,220.0,28.0,1225.0
390,261,39,220.0,28.0,1225.0
391,261,39,220.0,28.0,1225.0
392,261,39,220.0,28.0,1225.0
393,261,39,220.0,28.0,1225.0
394,261,39,220.0,28.0,1225.0
395,261,39,220.0,28.0,1225.0
396,261,39,220.0,28.0,1225.0
397,261,39,220.0,28.0,1225.0
398,261,39,220.0,28.0,1225.0
399,261,39,220.0,28.0,1225.0
400,261,39,220.0,28.0,1225.0
401,261,39,220.0,28.0,1225.0
402,261,39,220.0,28.0,1225.0
403,261,39,220.0,28.0,1225.0
404,261,39,220.0,28.0,1225.0
405,261,39,220.0,28.0,1225.0
406,261,39,220.0,28.0,1225.0
407,261,39,220.0,28.0,1225.0
408,261,39,220.0,28.0,1225.0
409,261,39,220.0,28.0,1225.0
410,261,39,220.0,28.0,1225.0
411,261,39,220.0,28.0,1225.0
412,261,39,220.0,28.0,1225.0
413,261,39,220.0,28.0,1225.0
414,261,39,220.0,28.0,1225.0
415,261,39,220.0,28.0,1225.0
416,261,39,220.0,28.0,1225.0
417,261,39,220.0,28.0,1225.0
418,262,38,216.0,27.0,1230.0
419,263,37,211.0,25.0,1237.0
420,263,37,210.0,25.0,1238.0
421,263,37,210.0,25.0,1238.0
422,263,37,210.0,25.0,1238.0
423,263,37,210.0,25.0,1238.0
424,264,36,206.0,25.0,1242.0
425,264,36,206.0,25.0,1242.0
426,264,36,206.0,25.0,1242.0
427,264,36,206.0,25.0,1242.0
428,264,36,206.0,25.0,1242.0
429,264,36,206.0,25.0,1242.0
430,264,36,206.0,25.0,1242.0
431,264,36,206.0,25.0,1242.0
432,264,36,206.0,25.0,1242.0
433,264,36,206.0,25.0,1242.0
434,264,36,206.0,25.0,1242.0
435,264,36,206.0,25.0,1242.0
436,264,36,206.0,25.0,1242.0
437,264,36,206.0,25.0,1242.0
438,264,36,206.0,25.0,1242.0
439,264,36,206.0,25.0,1242.0
440,264,36,206.0,25.0,1242.0
441,264,36,206.0,25.0,1242.0
442,264,36,206.0,25.0,1242.0
443,264,36,206.0,25.0,1242.0
444,264,36,206.0,25.0,1242.0
445,264,36,206.0,25.0,1242.0
446,264,36,206.0,25.0,1242.0
447,265,35,202.0,23.0,1248.0
448,265,35,202.0,23.0,1248.0
449,265,35,201.0,23.0,1249.0
450,265,35,200.0,23.0,1250.0
451,265,35,199.0,24.0,1250.0
452,265,35,199.0,24.0,1250.0
453,265,35,199.0,24.0,1250.0
454,265,35,199.0,24.0,1250.0
455,265,35,199.0,24.0,1250.0
456,265,35,199.0,24.0,1250.0
457,265,35,199.0,24.0,1250.0
458,265,35,198.0,25.0,1250.0
459,265,35,198.0,25.0,1250.0
460,265,35,198.0,25.0,1250.0
461,266,34,195.0,24.0,1254.0
462,266,34,195.0,24.0,1254.0
463,266,34,195.0,24.0,1254.0
464,266,34,195.0,24.0,1254.0
465,266,34,195.0,24.0,1254.0
466,266,34,195.0,24.0,1254.0
467,266,34,195.0,24.0,1254.0
468,267,33,194.0,20.0,1259.0
469,267,33,194.0,20.0,1259.0
470,267,33,194.0,20.0,1259.0
471,268,32,192.0,18.0,1263.0
472,268,32,192.0,18.0,1263.0
473,268,32,192.0,18.0,1263.0
474,269,31,187.0,18.0,1268.0
475,269,31,187.0,18.0,1268.0
476,269,31,187.0,18.0,1268.0
477,269,31,187.0,18.0,1268.0
478,269,31,187.0,18.0,1268.0
479,269,31,187.0,18.0,1268.0
480,269,31,187.0,18.0,1268.0
481,269,31,187.0,18.0,1268.0
482,269,31,187.0,18.0,1268.0
483,269,31,187.0,18.0,1268.0
484,269,31,187.0,18.0,1268.0
485,269,31,187.0,18.0,1268.0
486,269,31,187.0,18.0,1268.0
487,269,31,187.0,18.0,1268.0
488,269,31,187.0,18.0,1268.0
489,269,31,187.0,18.0,1268.0
490,269,31,186.0,18.0,1269.0
491,269,31,186.0,18.0,1269.0
492,270,30,180.0,17.0,1276.0
493,270,30,180.0,17.0,1276.0
494,270,30,180.0,17.0,1276.0
495,270,30,180.0,17.0,1276.0
496,270,30,180.0,17.0,1276.0
497,271,29,174.0,14.0,1285.0
498,271,29,174.0,14.0,1285.0
499,272,28,170.0,14.0,1289.0
500,272,28,170.0,14.0,1289.0
501,272,28,170.0,14.0,1289.0
502,272,28,170.0,14.0,1289.0
503,273,27,166.0,14.0,1293.0
504,273,27,166.0,14.0,1293.0
505,273,27,166.0,14.0,1293.0
506,273,27,166.0,14.0,1293.0
507,273,27,166.0,14.0,1293.0
508,273,27,166.0,14.0,1293.0
509,273,27,166.0,14.0,1293.0
510,273,27,166.0,14.0,1293.0
511,274,26,161.0,13.0,1299.0
512,274,26,161.0,13.0,1299.0
513,274,26,160.0,13.0,1300.0
514,274,26,160.0,13.0,1300.0
515,274,26,160.0,13.0,1300.0
516,274,26,159.0,13.0,1301.0
517,275,25,155.0,11.0,1307.0
518,275,25,155.0,11.0,1307.0
519,275,25,155.0,11.0,1307.0
520,275,25,155.0,11.0,1307.0
521,275,25,155.0,11.0,1307.0
522,275,25,155.0,11.0,1307.0
523,276,24,150.0,11.0,1312.0
524,276,24,150.0,11.0,1312.0
525,276,24,150.0,11.0,1312.0
526,276,24,150.0,11.0,1312.0
527,276,24,150.0,11.0,1312.0
528,276,24,150.0,11.0,1312.0
529,276,24,150.0,11.0,1312.0
530,276,24,150.0,11.0,1312.0
531,276,24,150.0,11.0,1312.0
532,276,24,150.0,11.0,1312.0
533,276,24,150.0,11.0,1312.0
534,277,23,145.0,11.0,1317.0
535,277,23,145.0,11.0,1317.0
536,277,23,145.0,11.0,1317.0
537,277,23,145.0,11.0,1317.0
538,277,23,145.0,11.0,1317.0
539,277,23,145.0,11.0,1317.0
540,277,23,145.0,11.0,1317.0
541,277,23,145.0,11.0,1317.0
542,277,23,145.0,11.0,1317.0
543,277,23,145.0,11.0,1317.0
544,277,23,145.0,11.0,1317.0
545,277,23,145.0,11.0,1317.0
546,277,23,145.0,11.0,1317.0
547,277,23,145.0,11.0,1317.0
548,277,23,145.0,11.0,1317.0
549,277,23,145.0,11.0,1317.0
550,277,23,145.0,11.0,1317.0
551,277,23,145.0,11.0,1317.0
552,277,23,145.0,11.0,1317.0
553,277,23,145.0,11.0,1317.0
554,277,23,145.0,11.0,1317.0
555,277,23,145.0,11.0,1317.0
556,277,23,145.0,11.0,1317.0
557,277,23,145.0,11.0,1317.0
558,277,23,145.0,11.0,1317.0
559,277,23,145.0,11.0,1317.0
560,277,23,145.0,11.0,1317.0
561,277,23,145.0,11.0,1317.0
562,277,23,145.0,11.0,1317.0
563,277,23,145.0,11.0,1317.0
564,278,22,140.0,10.0,1323.0
565,278,22,140.0,10.0,1323.0
566,278,22,140.0,10.0,1323.0
567,278,22,140.0,10.0,1323.0
568,278,22,140.0,10.0,1323.0
569,278,22,140.0,10.0,1323.0
570,278,22,140.0,10.0,1323.0
571,278,22,140.0,10.0,1323.0
572,278,22,140.0,10.0,1323.0
573,278,22,140.0,10.0,1323.0
574,278,22,140.0,10.0,1323.0
575,278,22,140.0,10.0,1323.0
576,278,22,140.0,10.0,1323.0
577,278,22,140.0,10.0,1323.0
578,278,22,140.0,10.0,1323.0
579,278,22,140.0,10.0,1323.0
580,278,22,140.0,10.0,1323.0
581,278,22,140.0,10.0,1323.0
582,278,22,140.0,10.0,1323.0
583,278,22,140.0,10.0,1323.0
584,278,22,140.0,10.0,1323.0
585,278,22,140.0,10.0,1323.0
586,278,22,140.0,10.0,1323.0
587,278,22,140.0,10.0,1323.0
588,278,22,140.0,10.0,1323.0
589,278,22,139.0,10.0,1324.0
590,278,22,139.0,10.0,1324.0
591,278,22,139.0,10.0,1324.0
592,278,22,139.0,10.0,1324.0
593,278,22,139.0,10.0,1324.0
594,278,22,139.0,10.0,1324.0
595,278,22,139.0,10.0,1324.0
596,278,22,139.0,10.0,1324.0
597,279,21,137.0,8.0,1328.0
598,279,21,137.0,8.0,1328.0
599,279,21,137.0,8.0,1328.0
600,279,21,137.0,8.0,1328.0
601,279,21,137.0,8.0,1328.0
602,279,21,137.0,8.0,1328.0
603,279,21,137.0,8.0,1328.0
604,279,21,137.0,8.0,1328.0
605,279,21,137.0,8.0,1328.0
606,279,21,137.0,8.0,1328.0
607,279,21,137.0,8.0,1328.0
608,279,21,137.0,8.0,1328.0
609,279,21,137.0,8.0,1328.0
610,279,21,137.0,8.0,1328.0
611,279,21,137.0,8.0,1328.0
612,279,21,137.0,8.0,1328.0
613,280,20,134.0,7.0,1332.0
614,280,20,134.0,7.0,1332.0
615,280,20,134.0,7.0,1332.0
616,280,20,134.0,7.0,1332.0
617,280,20,134.0,7.0,1332.0
618,280,20,134.0,7.0,1332.0
619,280,20,134.0,7.0,1332.0
620,280,20,134.0,7.0,1332.0
621,280,20,134.0,7.0,1332.0
622,280,20,134.0,7.0,1332.0
623,280,20,134.0,7.0,1332.0
624,280,20,134.0,7.0,1332.0
625,280,20,134.0,7.0,1332.0
626,280,20,134.0,7.0,1332.0
627,280,20,134.0,7.0,1332.0
628,280,20,134.0,7.0,1332.0
629,280,20,134.0,7.0,1332.0
630,280,20,134.0,7.0,1332.0
631,280,20,134.0,7.0,1332.0
632,280,20,134.0,7.0,1332.0
633,280,20,134.0,7.0,1332.0
634,280,20,134.0,7.0,1332.0
635,280,20,134.0,7.0,1332.0
636,280,20,134.0,7.0,1332.0
637,280,20,134.0,7.0,1332.0
638,280,20,134.0,7.0,1332.0
639,280,20,134.0,7.0,1332.0
640,280,20,134.0,7.0,1332.0
641,280,20,134.0,7.0,1332.0
642,280,20,134.0,7.0,1332.0
643,280,20,134.0,7.0,1332.0
644,280,20,134.0,7.0,1332.0
645,280,20,134.0,7.0,1332.0
646,280,20,134.0,7.0,1332.0
647,280,20,134.0,7.0,1332.0
648,280,20,134.0,7.0,1332.0
649,280,20,134.0,7.0,1332.0
650,280,20,133.0,7.0,1333.0
651,280,20,133.0,7.0,1333.0
652,280,20,133.0,7.0,1333.0
653,280,20,133.0,7.0,1333.0
654,280,20,133.0,7.0,1333.0
655,280,20,133.0,7.0,1333.0
656,280,20,133.0,7.0,1333.0
657,280,20,133.0,7.0,1333.0
658,280,20,132.0,7.0,1334.0
659,280,20,132.0,7.0,1334.0
660,280,20,132.0,7.0,1334.0
661,280,20,132.0,7.0,1334.0
662,280,20,132.0,7.0,1334.0
663,280,20,132.0,7.0,1334.0
664,281,19,124.0,5.0,1344.0
665,281,19,124.0,5.0,1344.0
666,281,19,124.0,5.0,1344.0
667,282,18,120.0,5.0,1348.0
668,282,18,120.0,5.0,1348.0
669,282,18,120.0,5.0,1348.0
670,283,17,96.0,4.0,1373.0
671,283,17,96.0,4.0,1373.0
672,283,17,96.0,4.0,1373.0
673,283,17,96.0,4.0,1373.0
674,283,17,96.0,4.0,1373.0
675,283,17,96.0,4.0,1373.0
676,283,17,96.0,4.0,1373.0
677,283,17,96.0,4.0,1373.0
678,283,17,96.0,4.0,1373.0
679,283,17,96.0,4.0,1373.0
680,283,17,96.0,4.0,1373.0
681,283,17,96.0,4.0,1373.0
682,283,17,96.0,4.0,1373.0
683,283,17,96.0,4.0,1373.0
684,283,17,96.0,4.0,1373.0
685,283,17,96.0,4.0,1373.0
686,283,17,96.0,4.0,1373.0
687,283,17,96.0,4.0,1373.0
688,283,17,96.0,4.0,1373.0
689,283,17,95.0,4.0,1373.0
690,283,17,95.0,4.0,1373.0
691,283,17,95.0,4.0,1373.0
692,283,17,95.0,4.0,1373.0
693,283,17,95.0,4.0,1373.0
694,283,17,94.0,5.0,1373.0
695,283,17,94.0,5.0,1373.0
696,283,17,94.0,5.0,1373.0
697,283,17,94.0,5.0,1373.0
698,283,17,94.0,5.0,1373.0
699,283,17,94.0,5.0,1373.0
700,283,17,94.0,5.0,1373.0
701,284,16,87.0,5.0,1380.0
702,284,16,86.0,5.0,1381.0
703,284,16,86.0,5.0,1381.0
704,284,16,86.0,5.0,1381.0
705,284,16,86.0,5.0,1381.0
706,284,16,86.0,5.0,1381.0
707,284,16,86.0,5.0,1381.0
708,285,15,81.0,5.0,1386.0
709,285,15,81.0,5.0,1386.0
710,285,15,81.0,5.0,1386.0
711,285,15,81.0,5.0,1386.0
712,285,15,81.0,5.0,1386.0
713,285,15,81.0,5.0,1386.0
714,285,15,81.0,5.0,1386.0
715,285,15,81.0,5.0,1386.0
716,285,15,81.0,5.0,1386.0
717,285,15,81.0,5.0,1386.0
718,285,15,81.0,5.0,1386.0
719,285,15,81.0,5.0,1386.0
720,285,15,81.0,5.0,1386.0
721,285,15,81.0,5.0,1386.0
722,285,15,81.0,5.0,1386.0
723,285,15,81.0,5.0,1386.0
724,285,15,81.0,5.0,1386.0
725,285,15,81.0,5.0,1386.0
726,285,15,81.0,5.0,1386.0
727,285,15,81.0,5.0,1386.0
728,285,15,81.0,5.0,1386.0
729,285,15,81.0,5.0,1386.0
730,285,15,81.0,5.0,1386.0
731,285,15,80.0,5.0,1387.0
732,285,15,80.0,5.0,1387.0
733,285,15,80.0,5.0,1387.0
734,285,15,80.0,5.0,1387.0
735,285,15,80.0,5.0,1387.0
736,285,15,80.0,5.0,1387.0
737,285,15,80.0,5.0,1387.0
738,285,15,80.0,5.0,1387.0
739,285,15,80.0,5.0,1387.0
740,285,15,80.0,5.0,1387.0
741,285,15,80.0,5.0,1387.0
742,285,15,80.0,5.0,1387.0
743,285,15,80.0,5.0,1387.0
744,285,15,80.0,5.0,1387.0
745,285,15,80.0,5.0,1387.0
746,285,15,80.0,5.0,1387.0
747,285,15,80.0,5.0,1387.0
748,285,15,80.0,5.0,1387.0
749,285,15,80.0,5.0,1387.0
750,285,15,80.0,5.0,1387.0
751,285,15,80.0,5.0,1387.0
752,285,15,80.0,5.0,1387.0
753,285,15,80.0,5.0,1387.0
754,285,15,80.0,5.0,1387.0
755,285,15,80.0,5.0,1387.0
756,285,15,80.0,5.0,1387.0
757,285,15,80.0,5.0,1387.0
758,285,15,80.0,5.0,1387.0
759,285,15,80.0,5.0,1387.0
760,285,15,80.0,5.0,1387.0
761,285,15,80.0,5.0,1387.0
762,285,15,80.0,5.0,1387.0
763,285,15,80.0,5.0,1387.0
764,285,15,80.0,5.0,1387.0
765,285,15,80.0,5.0,1387.0
766,285,15,80.0,5.0,1387.0
767,285,15,80.0,5.0,1387.0
768,285,15,80.0,5.0,1387.0
769,285,15,80.0,5.0,1387.0
770,285,15,80.0,5.0,1387.0
771,285,15,80.0,5.0,1387.0
772,285,15,80.0,5.0,1387.0
773,285,15,80.0,5.0,1387.0
774,285,15,80.0,5.0,1387.0
775,285,15,80.0,5.0,1387.0
776,285,15,80.0,5.0,1387.0
777,285,15,80.0,5.0,1387.0
778,286,14,80.0,2.0,1390.0
779,286,14,80.0,2.0,1390.0
780,286,14,80.0,2.0,1390.0
781,286,14,80.0,2.0,1390.0
782,286,14,80.0,2.0,1390.0
783,286,14,80.0,2.0,1390.0
784,286,14,80.0,2.0,1390.0
785,286,14,80.0,2.0,1390.0
786,286,14,80.0,2.0,1390.0
787,286,14,80.0,2.0,1390.0
788,286,14,80.0,2.0,1390.0
789,286,14,80.0,2.0,1390.0
790,286,14,80.0,2.0,1390.0
791,286,14,80.0,2.0,1390.0
792,286,14,80.0,2.0,1390.0
793,287,13,75.0,2.0,1395.0
794,287,13,75.0,2.0,1395.0
795,287,13,75.0,2.0,1395.0
796,287,13,75.0,2.0,1395.0
797,287,13,75.0,2.0,1395.0
798,287,13,75.0,2.0,1395.0
799,287,13,75.0,2.0,1395.0
800,287,13,75.0,2.0,1395.0
801,287,13,75.0,2.0,1395.0
802,287,13,75.0,2.0,1395.0
803,287,13,75.0,2.0,1395.0
804,287,13,75.0,2.0,1395.0
805,287,13,75.0,2.0,1395.0
806,287,13,75.0,2.0,1395.0
807,287,13,75.0,2.0,1395.0
808,287,13,75.0,2.0,1395.0
809,288,12,66.0,2.0,1404.0
810,288,12,66.0,2.0,1404.0
811,288,12,66.0,2.0,1404.0
812,288,12,65.0,2.0,1405.0
813,288,12,64.0,2.0,1406.0
814,288,12,64.0,2.0,1406.0
815,288,12,64.0,2.0,1406.0
816,288,12,64.0,2.0,1406.0
817,288,12,64.0,2.0,1406.0
818,288,12,64.0,2.0,1406.0
819,288,12,64.0,2.0,1406.0
820,288,12,64.0,2.0,1406.0
821,288,12,64.0,2.0,1406.0
822,288,12,64.0,2.0,1406.0
823,288,12,64.0,2.0,1406.0
824,288,12,64.0,2.0,1406.0
825,288,12,64.0,2.0,1406.0
826,288,12,64.0,2.0,1406.0
827,288,12,64.0,2.0,1406.0
828,288,12,64.0,2.0,1406.0
829,288,12,64.0,2.0,1406.0
830,288,12,64.0,2.0,1406.0
831,288,12,64.0,2.0,1406.0
832,288,12,64.0,2.0,1406.0
833,288,12,64.0,2.0,1406.0
834,288,12,64.0,2.0,1406.0
835,288,12,64.0,2.0,1406.0
836,288,12,64.0,2.0,1406.0
837,288,12,64.0,2.0,1406.0
838,288,12,64.0,2.0,1406.0
839,288,12,64.0,2.0,1406.0
840,288,12,64.0,2.0,1406.0
841,288,12,64.0,2.0,1406.0
842,288,12,64.0,2.0,1406.0
843,288,12,64.0,2.0,1406.0
844,288,12,63.0,2.0,1407.0
845,288,12,63.0,2.0,1407.0
846,288,12,63.0,2.0,1407.0
847,288,12,63.0,2.0,1407.0
848,288,12,63.0,2.0,1407.0
849,288,12,63.0,2.0,1407.0
850,288,12,63.0,2.0,1407.0
851,288,12,63.0,2.0,1407.0
852,288,12,63.0,2.0,1407.0
853,288,12,63.0,2.0,1407.0
854,288,12,63.0,2.0,1407.0
855,288,12,63.0,2.0,1407.0
856,288,12,63.0,2.0,1407.0
857,288,12,63.0,2.0,1407.0
858,288,12,63.0,2.0,1407.0
859,288,12,63.0,2.0,1407.0
860,288,12,63.0,2.0,1407.0
861,288,12,63.0,2.0,1407.0
862,288,12,63.0,2.0,1407.0
863,288,12,63.0,2.0,1407.0
864,288,12,63.0,2.0,1407.0
865,288,12,63.0,2.0,1407.0
866,288,12,63.0,2.0,1407.0
867,288,12,63.0,2.0,1407.0
868,288,12,63.0,2.0,1407.0
869,288,12,63.0,2.0,1407.0
870,288,12,63.0,2.0,1407.0
871,288,12,63.0,2.0,1407.0
872,288,12,63.0,2.0,1407.0
873,288,12,63.0,2.0,1407.0
874,288,12,63.0,2.0,1407.0
875,288,12,63.0,2.0,1407.0
876,288,12,63.0,2.0,1407.0
877,288,12,63.0,2.0,1407.0
878,289,11,57.0,2.0,1413.0
879,289,11,57.0,2.0,1413.0
880,289,11,57.0,2.0,1413.0
881,289,11,57.0,2.0,1413.0
882,289,11,57.0,2.0,1413.0
883,289,11,57.0,2.0,1413.0
884,289,11,57.0,2.0,1413.0
885,289,11,57.0,2.0,1413.0
886,289,11,57.0,2.0,1413.0
887,289,11,57.0,2.0,1413.0
888,289,11,57.0,2.0,1413.0
889,289,11,57.0,2.0,1413.0
890,289,11,57.0,2.0,1413.0
891,289,11,57.0,2.0,1413.0
892,289,11,57.0,2.0,1413.0
893,290,10,54.0,2.0,1416.0
894,291,9,49.0,2.0,1421.0
895,291,9,49.0,2.0,1421.0
896,291,9,49.0,2.0,1421.0
897,291,9,49.0,2.0,1421.0
898,291,9,49.0,2.0,1421.0
899,291,9,49.0,2.0,1421.0
900,291,9,49.0,2.0,1421.0
901,291,9,49.0,2.0,1421.0
902,291,9,49.0,2.0,1421.0
903,291,9,49.0,2.0,1421.0
904,291,9,49.0,2.0,1421.0
905,291,9,49.0,2.0,1421.0
906,291,9,49.0,2.0,1421.0
907,291,9,49.0,2.0,1421.0
908,291,9,49.0,2.0,1421.0
909,291,9,49.0,2.0,1421.0
910,291,9,49.0,2.0,1421.0
911,291,9,49.0,2.0,1421.0
912,291,9,49.0,2.0,1421.0
913,291,9,49.0,2.0,1421.0
914,291,9,49.0,2.0,1421.0
915,291,9,49.0,2.0,1421.0
916,291,9,49.0,2.0,1421.0
917,291,9,49.0,2.0,1421.0
918,291,9,49.0,2.0,1421.0
919,291,9,49.0,2.0,1421.0
920,291,9,49.0,2.0,1421.0
921,291,9,49.0,2.0,1421.0
922,291,9,49.0,2.0,1421.0
923,291,9,49.0,2.0,1421.0
924,291,9,49.0,2.0,1421.0
925,291,9,49.0,2.0,1421.0
926,291,9,49.0,2.0,1421.0
927,291,9,49.0,2.0,1421.0
928,291,9,49.0,2.0,1421.0
929,291,9,49.0,2.0,1421.0
930,291,9,49.0,2.0,1421.0
931,291,9,49.0,2.0,1421.0
932,291,9,49.0,2.0,1421.0
933,291,9,49.0,2.0,1421.0
934,291,9,49.0,2.0,1421.0
935,291,9,48.0,2.0,1422.0
936,291,9,48.0,2.0,1422.0
937,292,8,43.0,2.0,1427.0
938,292,8,43.0,2.0,1427.0
939,292,8,43.0,2.0,1427.0
940,292,8,43.0,2.0,1427.0
941,292,8,43.0,2.0,1427.0
942,292,8,43.0,2.0,1427.0
943,292,8,43.0,2.0,1427.0
944,292,8,43.0,2.0,1427.0
945,292,8,43.0,2.0,1427.0
946,292,8,43.0,2.0,1427.0
947,292,8,43.0,2.0,1427.0
948,292,8,43.0,2.0,1427.0
949,292,8,43.0,2.0,1427.0
950,292,8,43.0,2.0,1427.0
951,292,8,43.0,2.0,1427.0
952,292,8,43.0,2.0,1427.0
953,292,8,43.0,2.0,1427.0
954,292,8,43.0,2.0,1427.0
955,292,8,43.0,2.0,1427.0
956,292,8,43.0,2.0,1427.0
957,292,8,43.0,2.0,1427.0
958,292,8,43.0,2.0,1427.0
959,292,8,43.0,2.0,1427.0
960,292,8,43.0,2.0,1427.0
961,292,8,43.0,2.0,1427.0
962,292,8,43.0,2.0,1427.0
963,292,8,43.0,2.0,1427.0
964,292,8,43.0,2.0,1427.0
965,292,8,43.0,2.0,1427.0
966,292,8,43.0,2.0,1427.0
967,292,8,43.0,2.0,1427.0
968,292,8,43.0,2.0,1427.0
969,292,8,43.0,2.0,1427.0
970,292,8,43.0,2.0,1427.0
971,292,8,43.0,2.0,1427.0
972,292,8,43.0,2.0,1427.0
973,292,8,43.0,2.0,1427.0
974,292,8,43.0,2.0,1427.0
975,292,8,43.0,2.0,1427.0
976,292,8,43.0,2.0,1427.0
977,293,7,37.0,2.0,1433.0
978,293,7,37.0,2.0,1433.0
979,293,7,37.0,2.0,1433.0
980,293,7,37.0,2.0,1433.0
981,293,7,37.0,2.0,1433.0
982,293,7,37.0,2.0,1433.0
983,293,7,37.0,2.0,1433.0
984,293,7,37.0,2.0,1433.0
985,293,7,37.0,2.0,1433.0
986,293,7,37.0,2.0,1433.0
987,293,7,37.0,2.0,1433.0
988,293,7,37.0,2.0,1433.0
989,293,7,37.0,2.0,1433.0
990,293,7,37.0,2.0,1433.0
991,293,7,37.0,2.0,1433.0
992,293,7,37.0,2.0,1433.0
993,293,7,37.0,2.0,1433.0
994,293,7,37.0,2.0,1433.0
995,293,7,37.0,2.0,1433.0
996,293,7,37.0,2.0,1433.0
997,293,7,37.0,2.0,1433.0
998,293,7,37.0,2.0,1433.0
999,293,7,37.0,2.0,1433.0
1000,293,7,37.0,2.0,1433.0
1001,293,7,37.0,2.0,1433.0
1002,293,7,37.0,2.0,1433.0
1003,293,7,37.0,2.0,1433.0
1004,293,7,37.0,2.0,1433.0
1005,293,7,37.0,2.0,1433.0
1006,293,7,37.0,2.0,1433.0
1007,293,7,37.0,2.0,1433.0
1008,293,7,37.0,2.0,1433.0
1009,293,7,37.0,2.0,1433.0
1010,293,7,37.0,2.0,1433.0
1011,293,7,37.0,2.0,1433.0
1012,293,7,37.0,2.0,1433.0
1013,293,7,37.0,2.0,1433.0
1014,293,7,37.0,2.0,1433.0
1015,293,7,37.0,2.0,1433.0
1016,293,7,37.0,2.0,1433.0
1017,293,7,37.0,2.0,1433.0
1018,293,7,37.0,2.0,1433.0
1019,293,7,37.0,2.0,1433.0
1020,293,7,37.0,2.0,1433.0
1021,293,7,37.0,2.0,1433.0
1022,293,7,37.0,2.0,1433.0
1023,293,7,37.0,2.0,1433.0
1024,293,7,37.0,2.0,1433.0
1025,293,7,37.0,2.0,1433.0
1026,293,7,37.0,2.0,1433.0
1027,293,7,37.0,2.0,1433.0
1028,293,7,37.0,2.0,1433.0
1029,293,7,37.0,2.0,1433.0
1030,293,7,37.0,2.0,1433.0
1031,293,7,37.0,2.0,1433.0
1032,293,7,37.0,2.0,1433.0
1033,293,7,37.0,2.0,1433.0
1034,293,7,36.0,2.0,1434.0
1035,293,7,36.0,2.0,1434.0
1036,293,7,36.0,2.0,1434.0
1037,293,7,36.0,2.0,1434.0
1038,293,7,36.0,2.0,1434.0
1039,293,7,36.0,2.0,1434.0
1040,293,7,36.0,2.0,1434.0
1041,293,7,36.0,2.0,1434.0
1042,293,7,36.0,2.0,1434.0
1043,293,7,36.0,2.0,1434.0
1044,293,7,36.0,2.0,1434.0
1045,293,7,36.0,2.0,1434.0
1046,293,7,36.0,2.0,1434.0
1047,293,7,36.0,2.0,1434.0
1048,293,7,36.0,2.0,1434.0
1049,293,7,36.0,2.0,1434.0
1050,293,7,36.0,2.0,1434.0
1051,293,7,36.0,2.0,1434.0
1052,293,7,36.0,2.0,1434.0
1053,293,7,36.0,2.0,1434.0
1054,293,7,35.0,2.0,1435.0
1055,293,7,35.0,2.0,1435.0
1056,293,7,35.0,2.0,1435.0
1057,293,7,35.0,2.0,1435.0
1058,293,7,35.0,2.0,1435.0
1059,293,7,35.0,2.0,1435.0
1060,293,7,35.0,2.0,1435.0
1061,293,7,35.0,2.0,1435.0
1062,293,7,35.0,2.0,1435.0
1063,293,7,35.0,2.0,1435.0
1064,293,7,35.0,2.0,1435.0
1065,293,7,35.0,2.0,1435.0
1066,293,7,35.0,2.0,1435.0
1067,293,7,35.0,2.0,1435.0
1068,293,7,35.0,2.0,1435.0
1069,293,7,35.0,2.0,1435.0
1070,293,7,35.0,2.0,1435.0
1071,293,7,35.0,2.0,1435.0
1072,293,7,35.0,2.0,1435.0
1073,293,7,35.0,2.0,1435.0
1074,293,7,35.0,2.0,1435.0
1075,293,7,35.0,2.0,1435.0
1076,293,7,35.0,2.0,1435.0
1077,293,7,35.0,2.0,1435.0
1078,293,7,35.0,2.0,1435.0
1079,293,7,35.0,2.0,1435.0
1080,293,7,35.0,2.0,1435.0
1081,293,7,35.0,2.0,1435.0
1082,293,7,35.0,2.0,1435.0
1083,293,7,35.0,2.0,1435.0
1084,293,7,35.0,2.0,1435.0
1085,293,7,35.0,2.0,1435.0
1086,293,7,34.0,2.0,1436.0
1087,293,7,34.0,2.0,1436.0
1088,293,7,34.0,2.0,1436.0
1089,293,7,34.0,2.0,1436.0
1090,293,7,34.0,2.0,1436.0
1091,293,7,34.0,2.0,1436.0
1092,293,7,34.0,2.0,1436.0
1093,293,7,34.0,2.0,1436.0
1094,293,7,34.0,2.0,1436.0
1095,293,7,34.0,2.0,1436.0
1096,293,7,34.0,2.0,1436.0
1097,293,7,34.0,2.0,1436.0
1098,293,7,34.0,2.0,1436.0
1099,293,7,34.0,2.0,1436.0
1100,293,7,34.0,2.0,1436.0
1101,293,7,34.0,2.0,1436.0
1102,293,7,34.0,2.0,1436.0
1103,293,7,34.0,2.0,1436.0
1104,293,7,34.0,2.0,1436.0
1105,293,7,34.0,2.0,1436.0
1106,293,7,34.0,2.0,1436.0
1107,293,7,34.0,2.0,1436.0
1108,293,7,34.0,2.0,1436.0
1109,293,7,34.0,2.0,1436.0
1110,293,7,34.0,2.0,1436.0
1111,293,7,34.0,2.0,1436.0
1112,293,7,34.0,2.0,1436.0
1113,293,7,34.0,2.0,1436.0
1114,293,7,34.0,2.0,1436.0
1115,293,7,34.0,2.0,1436.0
1116,293,7,34.0,2.0,1436.0
1117,293,7,34.0,2.0,1436.0
1118,293,7,33.0,2.0,1437.0
1119,293,7,33.0,2.0,1437.0
1120,293,7,33.0,2.0,1437.0
1121,293,7,33.0,2.0,1437.0
1122,293,7,33.0,2.0,1437.0
1123,293,7,33.0,2.0,1437.0
1124,293,7,33.0,2.0,1437.0
1125,293,7,33.0,2.0,1437.0
1126,293,7,33.0,2.0,1437.0
1127,293,7,33.0,2.0,1437.0
1128,294,6,29.0,2.0,1441.0
1129,294,6,29.0,2.0,1441.0
1130,294,6,29.0,2.0,1441.0
1131,294,6,29.0,2.0,1441.0
1132,294,6,29.0,2.0,1441.0
1133,294,6,29.0,2.0,1441.0
1134,294,6,29.0,2.0,1441.0
1135,294,6,29.0,2.0,1441.0
1136,294,6,29.0,2.0,1441.0
1137,295,5,26.0,1.0,1445.0
1138,295,5,26.0,1.0,1445.0
1139,295,5,26.0,1.0,1445.0
1140,295,5,26.0,1.0,1445.0
1141,295,5,26.0,1.0,1445.0
1142,295,5,26.0,1.0,1445.0
1143,295,5,26.0,1.0,1445.0
1144,295,5,26.0,1.0,1445.0
1145,295,5,26.0,1.0,1445.0
1146,295,5,26.0,1.0,1445.0
1147,295,5,26.0,1.0,1445.0
1148,295,5,26.0,1.0,1445.0
1149,296,4,21.0,1.0,1450.0
1150,296,4,21.0,1.0,1450.0
1151,296,4,21.0,1.0,1450.0
1152,296,4,21.0,1.0,1450.0
1153,296,4,21.0,1.0,1450.0
1154,296,4,21.0,1.0,1450.0
1155,296,4,21.0,1.0,1450.0
1156,296,4,21.0,1.0,1450.0
1157,296,4,21.0,1.0,1450.0
1158,296,4,21.0,1.0,1450.0
1159,296,4,21.0,1.0,1450.0
1160,296,4,21.0,1.0,1450.0
1161,296,4,21.0,1.0,1450.0
1162,296,4,21.0,1.0,1450.0
1163,296,4,21.0,1.0,1450.0
1164,296,4,21.0,1.0,1450.0
1165,296,4,21.0,1.0,1450.0
1166,296,4,21.0,1.0,1450.0
1167,296,4,21.0,1.0,1450.0
1168,296,4,21.0,1.0,1450.0
1169,296,4,21.0,1.0,1450.0
1170,296,4,21.0,1.0,1450.0
1171,296,4,21.0,1.0,1450.0
1172,296,4,21.0,1.0,1450.0
1173,296,4,21.0,1.0,1450.0
1174,296,4,21.0,1.0,1450.0
1175,296,4,21.0,1.0,1450.0
1176,296,4,21.0,1.0,1450.0
1177,296,4,21.0,1.0,1450.0
1178,296,4,21.0,1.0,1450.0
1179,296,4,21.0,1.0,1450.0
1180,296,4,21.0,1.0,1450.0
1181,296,4,21.0,1.0,1450.0
1182,296,4,21.0,1.0,1450.0
1183,296,4,21.0,1.0,1450.0
1184,296,4,20.0,1.0,1451.0
1185,296,4,20.0,1.0,1451.0
1186,296,4,20.0,1.0,1451.0
1187,296,4,20.0,1.0,1451.0
1188,296,4,20.0,1.0,1451.0
1189,296,4,20.0,1.0,1451.0
1190,296,4,20.0,1.0,1451.0
1191,296,4,20.0,1.0,1451.0
1192,296,4,20.0,1.0,1451.0
1193,296,4,20.0,1.0,1451.0
1194,296,4,20.0,1.0,1451.0
1195,296,4,20.0,1.0,1451.0
1196,296,4,20.0,1.0,1451.0
1197,296,4,20.0,1.0,1451.0
1198,296,4,20.0,1.0,1451.0
1199,296,4,20.0,1.0,1451.0
1200,296,4,20.0,1.0,1451.0
1201,296,4,20.0,1.0,1451.0
1202,296,4,19.0,1.0,1452.0
1203,296,4,19.0,1.0,1452.0
1204,296,4,19.0,1.0,1452.0
1205,296,4,19.0,1.0,1452.0
1206,296,4,19.0,1.0,1452.0
1207,296,4,19.0,1.0,1452.0
1208,296,4,19.0,1.0,1452.0
1209,296,4,19.0,1.0,1452.0
1210,296,4,19.0,1.0,1452.0
1211,296,4,19.0,1.0,1452.0
1212,296,4,19.0,1.0,1452.0
1213,296,4,19.0,1.0,1452.0
1214,296,4,18.0,1.0,1453.0
1215,296,4,18.0,1.0,1453.0
1216,296,4,18.0,1.0,1453.0
1217,296,4,18.0,1.0,1453.0
1218,296,4,18.0,1.0,1453.0
1219,297,3,10.0,1.0,1461.0
1220,297,3,10.0,1.0,1461.0
1221,297,3,10.0,1.0,1461.0
1222,297,3,10.0,1.0,1461.0
1223,297,3,10.0,1.0,1461.0
1224,297,3,10.0,1.0,1461.0
1225,297,3,10.0,1.0,1461.0
1226,297,3,10.0,1.0,1461.0
1227,297,3,10.0,1.0,1461.0
1228,297,3,10.0,1.0,1461.0
1229,297,3,10.0,1.0,1461.0
1230,297,3,10.0,1.0,1461.0
1231,297,3,10.0,1.0,1461.0
1232,297,3,10.0,1.0,1461.0
1233,297,3,10.0,1.0,1461.0
1234,297,3,10.0,1.0,1461.0
1235,297,3,10.0,1.0,1461.0
1236,297,3,10.0,1.0,1461.0
1237,297,3,10.0,1.0,1461.0
1238,297,3,10.0,1.0,1461.0
1239,297,3,10.0,1.0,1461.0
1240,297,3,10.0,1.0,1461.0
1241,297,3,10.0,1.0,1461.0
1242,297,3,10.0,1.0,1461.0
1243,297,3,10.0,1.0,1461.0
1244,297,3,10.0,1.0,1461.0
1245,297,3,10.0,1.0,1461.0
1246,297,3,10.0,1.0,1461.0
1247,297,3,10.0,1.0,1461.0
1248,297,3,10.0,1.0,1461.0
1249,297,3,10.0,1.0,1461.0
1250,297,3,10.0,1.0,1461.0
1251,297,3,10.0,1.0,1461.0
1252,297,3,10.0,1.0,1461.0
1253,297,3,10.0,1.0,1461.0
1254,297,3,10.0,1.0,1461.0
1255,297,3,10.0,1.0,1461.0
1256,297,3,10.0,1.0,1461.0
1257,297,3,10.0,1.0,1461.0
1258,297,3,10.0,1.0,1461.0
1259,297,3,10.0,1.0,1461.0
1260,297,3,10.0,1.0,1461.0
1261,297,3,10.0,1.0,1461.0
1262,297,3,10.0,1.0,1461.0
1263,297,3,10.0,1.0,1461.0
1264,297,3,10.0,1.0,1461.0
1265,297,3,10.0,1.0,1461.0
1266,297,3,10.0,1.0,1461.0
1267,297,3,10.0,1.0,1461.0
1268,297,3,10.0,1.0,1461.0
1269,297,3,10.0,1.0,1461.0
1270,297,3,10.0,1.0,1461.0
1271,297,3,10.0,1.0,1461.0
1272,297,3,10.0,1.0,1461.0
1273,297,3,10.0,1.0,1461.0
1274,297,3,10.0,1.0,1461.0
1275,297,3,10.0,1.0,1461.0
1276,297,3,10.0,1.0,1461.0
1277,297,3,10.0,1.0,1461.0
1278,297,3,10.0,1.0,1461.0
1279,297,3,10.0,1.0,1461.0
1280,297,3,10.0,1.0,1461.0
1281,297,3,10.0,1.0,1461.0
1282,297,3,10.0,1.0,1461.0
1283,297,3,10.0,1.0,1461.0
1284,297,3,10.0,1.0,1461.0
1285,297,3,10.0,1.0,1461.0
1286,297,3,10.0,1.0,1461.0
1287,297,3,10.0,1.0,1461.0
1288,297,3,10.0,1.0,1461.0
1289,297,3,10.0,1.0,1461.0
1290,297,3,10.0,1.0,1461.0
1291,297,3,10.0,1.0,1461.0
1292,297,3,10.0,1.0,1461.0
1293,297,3,10.0,1.0,1461.0
1294,297,3,10.0,1.0,1461.0
1295,297,3,10.0,1.0,1461.0
1296,297,3,10.0,1.0,1461.0
1297,297,3,10.0,1.0,1461.0
1298,297,3,10.0,1.0,1461.0
1299,297,3,10.0,1.0,1461.0
1300,297,3,10.0,1.0,1461.0
1301,297,3,10.0,1.0,1461.0
1302,297,3,10.0,1.0,1461.0
1303,297,3,10.0,1.0,1461.0
1304,297,3,10.0,1.0,1461.0
1305,297,3,10.0,1.0,1461.0
1306,297,3,10.0,1.0,1461.0
1307,297,3,10.0,1.0,1461.0
1308,297,3,10.0,1.0,1461.0
1309,297,3,10.0,1.0,1461.0
1310,297,3,10.0,1.0,1461.0
1311,297,3,10.0,1.0,1461.0
1312,297,3,10.0,1.0,1461.0
1313,297,3,10.0,1.0,1461.0
1314,297,3,10.0,1.0,1461.0
1315,297,3,10.0,1.0,1461.0
1316,297,3,10.0,1.0,1461.0
1317,297,3,10.0,1.0,1461.0
1318,297,3,10.0,1.0,1461.0
1319,297,3,10.0,1.0,1461.0
1320,297,3,10.0,1.0,1461.0
1321,297,3,10.0,1.0,1461.0
1322,297,3,10.0,1.0,1461.0
1323,297,3,10.0,1.0,1461.0
1324,297,3,10.0,1.0,1461.0
1325,297,3,10.0,1.0,1461.0
1326,297,3,10.0,1.0,1461.0
1327,297,3,10.0,1.0,1461.0
1328,297,3,10.0,1.0,1461.0
1329,297,3,10.0,1.0,1461.0
1330,297,3,10.0,1.0,1461.0
1331,297,3,10.0,1.0,1461.0
1332,297,3,10.0,1.0,1461.0
1333,297,3,10.0,1.0,1461.0
1334,297,3,10.0,1.0,1461.0
1335,297,3,10.0,1.0,1461.0
1336,297,3,10.0,1.0,1461.0
1337,297,3,10.0,1.0,1461.0
1338,297,3,10.0,1.0,1461.0
1339,297,3,10.0,1.0,1461.0
1340,297,3,10.0,1.0,1461.0
1341,297,3,10.0,1.0,1461.0
1342,297,3,10.0,1.0,1461.0
1343,297,3,10.0,1.0,1461.0
1344,297,3,10.0,1.0,1461.0
1345,297,3,10.0,1.0,1461.0
1346,297,3,10.0,1.0,1461.0
1347,297,3,10.0,1.0,1461.0
1348,297,3,10.0,1.0,1461.0
1349,297,3,10.0,1.0,1461.0
1350,297,3,10.0,1.0,1461.0
1351,297,3,10.0,1.0,1461.0
1352,297,3,10.0,1.0,1461.0
1353,297,3,10.0,1.0,1461.0
1354,298,2,9.0,1.0,1462.0
1355,298,2,9.0,1.0,1462.0
1356,298,2,9.0,1.0,1462.0
1357,298,2,9.0,1.0,1462.0
1358,298,2,9.0,1.0,1462.0
1359,298,2,9.0,1.0,1462.0
1360,298,2,9.0,1.0,1462.0
1361,298,2,9.0,1.0,1462.0
1362,298,2,9.0,1.0,1462.0
1363,298,2,9.0,1.0,1462.0
1364,298,2,9.0,1.0,1462.0
1365,298,2,9.0,1.0,1462.0
1366,298,2,9.0,1.0,1462.0
1367,298,2,9.0,1.0,1462.0
1368,298,2,9.0,1.0,1462.0
1369,298,2,9.0,1.0,1462.0
1370,298,2,9.0,1.0,1462.0
1371,298,2,9.0,1.0,1462.0
1372,298,2,9.0,1.0,1462.0
1373,298,2,9.0,1.0,1462.0
1374,298,2,9.0,1.0,1462.0
1375,298,2,9.0,1.0,1462.0
1376,298,2,9.0,1.0,1462.0
1377,298,2,9.0,1.0,1462.0
1378,298,2,9.0,1.0,1462.0
1379,298,2,9.0,1.0,1462.0
1380,298,2,9.0,1.0,1462.0
1381,298,2,9.0,1.0,1462.0
1382,298,2,9.0,1.0,1462.0
1383,298,2,9.0,1.0,1462.0
1384,298,2,9.0,1.0,1462.0
1385,298,2,9.0,1.0,1462.0
1386,298,2,9.0,1.0,1462.0
1387,298,2,9.0,1.0,1462.0
1388,298,2,9.0,1.0,1462.0
1389,298,2,9.0,1.0,1462.0
1390,298,2,9.0,1.0,1462.0
1391,298,2,9.0,1.0,1462.0
1392,298,2,9.0,1.0,1462.0
1393,298,2,9.0,1.0,1462.0
1394,298,2,9.0,1.0,1462.0
1395,298,2,9.0,1.0,1462.0
1396,298,2,9.0,1.0,1462.0
1397,298,2,9.0,1.0,1462.0
1398,298,2,9.0,1.0,1462.0
1399,298,2,9.0,1.0,1462.0
1400,298,2,9.0,1.0,1462.0
1401,298,2,9.0,1.0,1462.0
1402,298,2,9.0,1.0,1462.0
1403,298,2,9.0,1.0,1462.0
1404,298,2,9.0,1.0,1462.0
1405,298,2,9.0,1.0,1462.0
1406,298,2,9.0,1.0,1462.0
1407,298,2,9.0,1.0,1462.0
1408,298,2,9.0,1.0,1462.0
1409,298,2,9.0,1.0,1462.0
1410,298,2,9.0,1.0,1462.0
1411,298,2,9.0,1.0,1462.0
1412,298,2,9.0,1.0,1462.0
1413,298,2,9.0,1.0,1462.0
1414,298,2,9.0,1.0,1462.0
1415,298,2,9.0,1.0,1462.0
1416,298,2,9.0,1.0,1462.0
1417,298,2,9.0,1.0,1462.0
1418,298,2,9.0,1.0,1462.0
1419,298,2,9.0,1.0,1462.0
1420,298,2,9.0,1.0,1462.0
1421,298,2,9.0,1.0,1462.0
1422,298,2,9.0,1.0,1462.0
1423,298,2,9.0,1.0,1462.0
1424,298,2,9.0,1.0,1462.0
1425,298,2,9.0,1.0,1462.0
1426,298,2,9.0,1.0,1462.0
1427,298,2,9.0,1.0,1462.0
1428,298,2,9.0,1.0,1462.0
1429,298,2,9.0,1.0,1462.0
1430,298,2,9.0,1.0,1462.0
1431,298,2,9.0,1.0,1462.0
1432,298,2,9.0,1.0,1462.0
1433,298,2,9.0,1.0,1462.0
1434,298,2,9.0,1.0,1462.0
1435,298,2,9.0,1.0,1462.0
1436,298,2,9.0,1.0,1462.0
1437,298,2,9.0,1.0,1462.0
1438,298,2,9.0,1.0,1462.0
1439,298,2,9.0,1.0,1462.0
1440,298,2,9.0,1.0,1462.0
1441,298,2,9.0,1.0,1462.0
1442,298,2,9.0,1.0,1462.0
1443,298,2,9.0,1.0,1462.0
1444,298,2,9.0,1.0,1462.0
1445,298,2,9.0,1.0,1462.0
1446,298,2,9.0,1.0,1462.0
1447,298,2,9.0,1.0,1462.0
1448,298,2,9.0,1.0,1462.0
1449,298,2,9.0,1.0,1462.0
1450,298,2,9.0,1.0,1462.0
1451,298,2,9.0,1.0,1462.0
1452,298,2,9.0,1.0,1462.0
1453,298,2,9.0,1.0,1462.0
1454,298,2,9.0,1.0,1462.0
1455,298,2,9.0,1.0,1462.0
1456,298,2,9.0,1.0,1462.0
1457,298,2,9.0,1.0,1462.0
1458,298,2,9.0,1.0,1462.0
1459,298,2,9.0,1.0,1462.0
1460,298,2,9.0,1.0,1462.0
1461,298,2,9.0,1.0,1462.0
1462,298,2,9.0,1.0,1462.0
1463,298,2,9.0,1.0,1462.0
1464,298,2,9.0,1.0,1462.0
1465,298,2,9.0,1.0,1462.0
1466,298,2,9.0,1.0,1462.0
1467,298,2,9.0,1.0,1462.0
1468,298,2,9.0,1.0,1462.0
1469,298,2,9.0,1.0,1462.0
1470,298,2,9.0,1.0,1462.0
1471,298,2,9.0,1.0,1462.0
1472,298,2,9.0,1.0,1462.0
1473,298,2,9.0,1.0,1462.0
1474,298,2,9.0,1.0,1462.0
1475,298,2,9.0,1.0,1462.0
1476,298,2,9.0,1.0,1462.0
1477,298,2,9.0,1.0,1462.0
1478,298,2,9.0,1.0,1462.0
1479,298,2,9.0,1.0,1462.0
1480,298,2,9.0,1.0,1462.0
1481,298,2,9.0,1.0,1462.0
1482,298,2,9.0,1.0,1462.0
1483,298,2,9.0,1.0,1462.0
1484,298,2,9.0,1.0,1462.0
1485,298,2,9.0,1.0,1462.0
1486,298,2,9.0,1.0,1462.0
1487,298,2,9.0,1.0,1462.0
1488,298,2,9.0,1.0,1462.0
1489,298,2,9.0,1.0,1462.0
1490,298,2,9.0,1.0,1462.0
1491,298,2,9.0,1.0,1462.0
1492,298,2,9.0,1.0,1462.0
1493,298,2,9.0,1.0,1462.0
1494,298,2,9.0,1.0,1462.0
1495,298,2,9.0,1.0,1462.0
1496,298,2,9.0,1.0,1462.0
1497,298,2,9.0,1.0,1462.0
1498,298,2,9.0,1.0,1462.0
1499,298,2,9.0,1.0,1462.0
1500,298,2,9.0,1.0,1462.0
1501,298,2,9.0,1.0,1462.0
1502,298,2,9.0,1.0,1462.0
1503,298,2,9.0,1.0,1462.0
1504,298,2,9.0,1.0,1462.0
1505,298,2,9.0,1.0,1462.0
1506,298,2,9.0,1.0,1462.0
1507,298,2,9.0,1.0,1462.0
1508,298,2,9.0,1.0,1462.0
1509,298,2,9.0,1.0,1462.0
1510,298,2,9.0,1.0,1462.0
1511,298,2,9.0,1.0,1462.0
1512,298,2,9.0,1.0,1462.0
1513,298,2,9.0,1.0,1462.0
1514,298,2,9.0,1.0,1462.0
1515,298,2,9.0,1.0,1462.0
1516,298,2,9.0,1.0,1462.0
1517,298,2,9.0,1.0,1462.0
1518,298,2,9.0,1.0,1462.0
1519,298,2,9.0,1.0,1462.0
1520,298,2,9.0,1.0,1462.0
1521,298,2,9.0,1.0,1462.0
1522,298,2,9.0,1.0,1462.0
1523,298,2,9.0,1.0,1462.0
1524,298,2,9.0,1.0,1462.0
1525,298,2,9.0,1.0,1462.0
1526,298,2,9.0,1.0,1462.0
1527,298,2,9.0,1.0,1462.0
1528,298,2,9.0,1.0,1462.0
1529,298,2,9.0,1.0,1462.0
1530,298,2,9.0,1.0,1462.0
1531,298,2,9.0,1.0,1462.0
1532,298,2,9.0,1.0,1462.0
1533,298,2,9.0,1.0,1462.0
1534,298,2,9.0,1.0,1462.0
1535,298,2,9.0,1.0,1462.0
1536,298,2,9.0,1.0,1462.0
1537,298,2,9.0,1.0,1462.0
1538,298,2,9.0,1.0,1462.0
1539,298,2,9.0,1.0,1462.0
1540,298,2,9.0,1.0,1462.0
1541,298,2,9.0,1.0,1462.0
1542,298,2,9.0,1.0,1462.0
1543,298,2,9.0,1.0,1462.0
1544,298,2,9.0,1.0,1462.0
1545,298,2,9.0,1.0,1462.0
1546,298,2,9.0,1.0,1462.0
1547,298,2,9.0,1.0,1462.0
1548,298,2,9.0,1.0,1462.0
1549,298,2,9.0,1.0,1462.0
1550,298,2,9.0,1.0,1462.0
1551,298,2,9.0,1.0,1462.0
1552,298,2,9.0,1.0,1462.0
1553,298,2,9.0,1.0,1462.0
1554,298,2,9.0,1.0,1462.0
1555,298,2,9.0,1.0,1462.0
1556,298,2,9.0,1.0,1462.0
1557,298,2,9.0,1.0,1462.0
1558,298,2,9.0,1.0,1462.0
1559,298,2,9.0,1.0,1462.0
1560,298,2,9.0,1.0,1462.0
1561,298,2,9.0,1.0,1462.0
1562,298,2,9.0,1.0,1462.0
1563,298,2,9.0,1.0,1462.0
1564,298,2,9.0,1.0,1462.0
1565,298,2,9.0,1.0,1462.0
1566,298,2,9.0,1.0,1462.0
1567,298,2,9.0,1.0,1462.0
1568,298,2,9.0,1.0,1462.0
1569,298,2,9.0,1.0,1462.0
1570,298,2,9.0,1.0,1462.0
1571,298,2,9.0,1.0,1462.0
1572,298,2,9.0,1.0,1462.0
1573,298,2,9.0,1.0,1462.0
1574,298,2,9.0,1.0,1462.0
1575,298,2,9.0,1.0,1462.0
1576,298,2,9.0,1.0,1462.0
1577,298,2,9.0,1.0,1462.0
1578,298,2,9.0,1.0,1462.0
1579,298,2,9.0,1.0,1462.0
1580,298,2,9.0,1.0,1462.0
1581,298,2,9.0,1.0,1462.0
1582,298,2,9.0,1.0,1462.0
1583,298,2,9.0,1.0,1462.0
1584,298,2,9.0,1.0,1462.0
1585,298,2,9.0,1.0,1462.0
1586,298,2,9.0,1.0,1462.0
1587,298,2,9.0,1.0,1462.0
1588,298,2,9.0,1.0,1462.0
1589,298,2,9.0,1.0,1462.0
1590,298,2,9.0,1.0,1462.0
1591,298,2,9.0,1.0,1462.0
1592,298,2,9.0,1.0,1462.0
1593,298,2,9.0,1.0,1462.0
1594,298,2,9.0,1.0,1462.0
1595,298,2,9.0,1.0,1462.0
1596,298,2,9.0,1.0,1462.0
1597,298,2,9.0,1.0,1462.0
1598,298,2,9.0,1.0,1462.0
1599,298,2,9.0,1.0,1462.0
1600,298,2,9.0,1.0,1462.0
1601,298,2,9.0,1.0,1462.0
1602,298,2,9.0,1.0,1462.0
1603,298,2,9.0,1.0,1462.0
1604,298,2,9.0,1.0,1462.0
1605,298,2,9.0,1.0,1462.0
1606,298,2,9.0,1.0,1462.0
1607,298,2,9.0,1.0,1462.0
1608,298,2,9.0,1.0,1462.0
1609,298,2,9.0,1.0,1462.0
1610,298,2,9.0,1.0,1462.0
1611,298,2,9.0,1.0,1462.0
1612,298,2,9.0,1.0,1462.0
1613,298,2,9.0,1.0,1462.0
1614,298,2,9.0,1.0,1462.0
1615,298,2,9.0,1.0,1462.0
1616,298,2,9.0,1.0,1462.0
1617,298,2,9.0,1.0,1462.0
1618,298,2,9.0,1.0,1462.0
1619,298,2,9.0,1.0,1462.0
1620,298,2,9.0,1.0,1462.0
1621,298,2,9.0,1.0,1462.0
1622,298,2,9.0,1.0,1462.0
1623,298,2,9.0,1.0,1462.0
1624,298,2,9.0,1.0,1462.0
1625,298,2,9.0,1.0,1462.0
1626,298,2,9.0,1.0,1462.0
1627,298,2,9.0,1.0,1462.0
1628,298,2,9.0,1.0,1462.0
1629,298,2,9.0,1.0,1462.0
1630,298,2,9.0,1.0,1462.0
1631,298,2,9.0,1.0,1462.0
1632,298,2,9.0,1.0,1462.0
1633,298,2,9.0,1.0,1462.0
1634,298,2,9.0,1.0,1462.0
1635,298,2,9.0,1.0,1462.0
1636,298,2,9.0,1.0,1462.0
1637,298,2,9.0,1.0,1462.0
1638,298,2,9.0,1.0,1462.0
1639,298,2,9.0,1.0,1462.0
1640,298,2,9.0,1.0,1462.0
1641,298,2,9.0,1.0,1462.0
1642,298,2,9.0,1.0,1462.0
1643,298,2,9.0,1.0,1462.0
1644,298,2,9.0,1.0,1462.0
1645,298,2,9.0,1.0,1462.0
1646,298,2,9.0,1.0,1462.0
1647,298,2,9.0,1.0,1462.0
1648,298,2,9.0,1.0,1462.0
1649,298,2,9.0,1.0,1462.0
1650,298,2,9.0,1.0,1462.0
1651,298,2,9.0,1.0,1462.0
1652,298,2,9.0,1.0,1462.0
1653,298,2,9.0,1.0,1462.0
1654,298,2,9.0,1.0,1462.0
1655,298,2,9.0,1.0,1462.0
1656,298,2,9.0,1.0,1462.0
1657,298,2,9.0,1.0,1462.0
1658,298,2,9.0,1.0,1462.0
1659,298,2,9.0,1.0,1462.0
1660,298,2,9.0,1.0,1462.0
1661,298,2,9.0,1.0,1462.0
1662,298,2,9.0,1.0,1462.0
1663,298,2,9.0,1.0,1462.0
1664,298,2,9.0,1.0,1462.0
1665,298,2,9.0,1.0,1462.0
1666,298,2,9.0,1.0,1462.0
1667,298,2,9.0,1.0,1462.0
1668,298,2,9.0,1.0,1462.0
1669,298,2,9.0,1.0,1462.0
1670,298,2,9.0,1.0,1462.0
1671,298,2,9.0,1.0,1462.0
1672,298,2,9.0,1.0,1462.0
1673,298,2,9.0,1.0,1462.0
1674,298,2,9.0,1.0,1462.0
1675,298,2,9.0,1.0,1462.0
1676,298,2,9.0,1.0,1462.0
1677,298,2,9.0,1.0,1462.0
1678,298,2,9.0,1.0,1462.0
1679,298,2,9.0,1.0,1462.0
1680,298,2,9.0,1.0,1462.0
1681,298,2,9.0,1.0,1462.0
1682,298,2,9.0,1.0,1462.0
1683,298,2,9.0,1.0,1462.0
1684,298,2,9.0,1.0,1462.0
1685,298,2,9.0,1.0,1462.0
1686,298,2,9.0,1.0,1462.0
1687,298,2,9.0,1.0,1462.0
1688,298,2,9.0,1.0,1462.0
1689,298,2,9.0,1.0,1462.0
1690,298,2,9.0,1.0,1462.0
1691,298,2,9.0,1.0,1462.0
1692,298,2,9.0,1.0,1462.0
1693,298,2,9.0,1.0,1462.0
1694,298,2,9.0,1.0,1462.0
1695,298,2,9.0,1.0,1462.0
1696,298,2,8.0,1.0,1463.0
1697,298,2,8.0,1.0,1463.0
1698,298,2,8.0,1.0,1463.0
1699,298,2,8.0,1.0,1463.0
1700,298,2,8.0,1.0,1463.0
1701,298,2,8.0,1.0,1463.0
1702,298,2,8.0,1.0,1463.0
1703,298,2,8.0,1.0,1463.0
1704,298,2,8.0,1.0,1463.0
1705,298,2,8.0,1.0,1463.0
1706,298,2,8.0,1.0,1463.0
1707,298,2,8.0,1.0,1463.0
1708,298,2,8.0,1.0,1463.0
1709,298,2,8.0,1.0,1463.0
1710,298,2,8.0,1.0,1463.0
1711,298,2,8.0,1.0,1463.0
1712,298,2,8.0,1.0,1463.0
1713,298,2,8.0,1.0,1463.0
1714,298,2,8.0,1.0,1463.0
1715,298,2,8.0,1.0,1463.0
1716,298,2,8.0,1.0,1463.0
1717,298,2,8.0,1.0,1463.0
1718,298,2,8.0,1.0,1463.0
1719,298,2,8.0,1.0,1463.0
1720,298,2,8.0,1.0,1463.0
1721,298,2,8.0,1.0,1463.0
1722,298,2,8.0,1.0,1463.0
1723,298,2,8.0,1.0,1463.0
1724,298,2,8.0,1.0,1463.0
1725,298,2,8.0,1.0,1463.0
1726,298,2,8.0,1.0,1463.0
1727,298,2,8.0,1.0,1463.0
1728,298,2,8.0,1.0,1463.0
1729,298,2,8.0,1.0,1463.0
1730,298,2,8.0,1.0,1463.0
1731,298,2,8.0,1.0,1463.0
1732,298,2,8.0,1.0,1463.0
1733,298,2,8.0,1.0,1463.0
1734,298,2,8.0,1.0,1463.0
1735,298,2,8.0,1.0,1463.0
1736,298,2,8.0,1.0,1463.0
1737,298,2,8.0,1.0,1463.0
1738,298,2,8.0,1.0,1463.0
1739,298,2,8.0,1.0,1463.0
1740,298,2,8.0,1.0,1463.0
1741,298,2,8.0,1.0,1463.0
1742,298,2,8.0,1.0,1463.0
1743,298,2,8.0,1.0,1463.0
1744,298,2,8.0,1.0,1463.0
1745,298,2,8.0,1.0,1463.0
1746,298,2,8.0,1.0,1463.0
1747,298,2,8.0,1.0,1463.0
1748,298,2,8.0,1.0,1463.0
1749,298,2,8.0,1.0,1463.0
1750,298,2,8.0,1.0,1463.0
1751,298,2,8.0,1.0,1463.0
1752,298,2,8.0,1.0,1463.0
1753,298,2,8.0,1.0,1463.0
1754,298,2,8.0,1.0,1463.0
1755,298,2,8.0,1.0,1463.0
1756,298,2,8.0,1.0,1463.0
1757,298,2,8.0,1.0,1463.0
1758,298,2,8.0,1.0,1463.0
1759,298,2,8.0,1.0,1463.0
1760,298,2,8.0,1.0,1463.0
1761,298,2,8.0,1.0,1463.0
1762,298,2,8.0,1.0,1463.0
1763,298,2,8.0,1.0,1463.0
1764,298,2,8.0,1.0,1463.0
1765,298,2,8.0,1.0,1463.0
1766,298,2,8.0,1.0,1463.0
1767,298,2,8.0,1.0,1463.0
1768,298,2,8.0,1.0,1463.0
1769,298,2,8.0,1.0,1463.0
1770,298,2,8.0,1.0,1463.0
1771,298,2,8.0,1.0,1463.0
1772,298,2,8.0,1.0,1463.0
1773,298,2,8.0,1.0,1463.0
1774,298,2,8.0,1.0,1463.0
1775,298,2,8.0,1.0,1463.0
1776,298,2,8.0,1.0,1463.0
1777,298,2,8.0,1.0,1463.0
1778,298,2,8.0,1.0,1463.0
1779,298,2,8.0,1.0,1463.0
1780,298,2,8.0,1.0,1463.0
1781,298,2,8.0,1.0,1463.0
1782,298,2,8.0,1.0,1463.0
1783,298,2,8.0,1.0,1463.0
1784,298,2,8.0,1.0,1463.0
1785,298,2,8.0,1.0,1463.0
1786,298,2,8.0,1.0,1463.0
1787,298,2,8.0,1.0,1463.0
1788,299,1,1.0,0.0,1471.0
1789,299,1,1.0,0.0,1471.0
1790,299,1,1.0,0.0,1471.0
1791,299,1,1.0,0.0,1471.0
1792,299,1,1.0,0.0,1471.0
1793,299,1,1.0,0.0,1471.0
1794,299,1,1.0,0.0,1471.0
1795,299,1,1.0,0.0,1471.0
1796,299,1,1.0,0.0,1471.0
1797,299,1,1.0,0.0,1471.0
1798,299,1,1.0,0.0,1471.0
1799,299,1,1.0,0.0,1471.0
1800,299,1,1.0,0.0,1471.0
1801,299,1,1.0,0.0,1471.0
1802,299,1,1.0,0.0,1471.0
1803,299,1,1.0,0.0,1471.0
1804,299,1,1.0,0.0,1471.0
1805,299,1,1.0,0.0,1471.0
1806,299,1,1.0,0.0,1471.0
1807,299,1,1.0,0.0,1471.0
1808,299,1,1.0,0.0,1471.0
1809,299,1,1.0,0.0,1471.0
1810,299,1,1.0,0.0,1471.0
1811,299,1,1.0,0.0,1471.0
1812,299,1,1.0,0.0,1471.0
1813,299,1,1.0,0.0,1471.0
1814,299,1,1.0,0.0,1471.0
1815,299,1,1.0,0.0,1471.0
1816,299,1,1.0,0.0,1471.0
1817,299,1,1.0,0.0,1471.0
1818,299,1,1.0,0.0,1471.0
1819,299,1,1.0,0.0,1471.0
1820,299,1,1.0,0.0,1471.0
1821,299,1,1.0,0.0,1471.0
1822,299,1,1.0,0.0,1471.0
1823,299,1,1.0,0.0,1471.0
1824,299,1,1.0,0.0,1471.0
1825,299,1,1.0,0.0,1471.0
1826,299,1,1.0,0.0,1471.0
1827,299,1,1.0,0.0,1471.0
1828,299,1,1.0,0.0,1471.0
1829,299,1,1.0,0.0,1471.0
1830,299,1,1.0,0.0,1471.0
1831,299,1,1.0,0.0,1471.0
1832,299,1,1.0,0.0,1471.0
1833,299,1,1.0,0.0,1471.0
1834,299,1,1.0,0.0,1471.0
1835,299,1,1.0,0.0,1471.0
1836,299,1,1.0,0.0,1471.0
1837,299,1,1.0,0.0,1471.0
1838,299,1,1.0,0.0,1471.0
1839,299,1,1.0,0.0,1471.0
1840,299,1,1.0,0.0,1471.0
1841,299,1,1.0,0.0,1471.0
1842,299,1,1.0,0.0,1471.0
1843,299,1,1.0,0.0,1471.0
1844,299,1,1.0,0.0,1471.0
1845,299,1,1.0,0.0,1471.0
1846,299,1,1.0,0.0,1471.0
1847,299,1,1.0,0.0,1471.0
1848,299,1,1.0,0.0,1471.0
1849,299,1,1.0,0.0,1471.0
1850,299,1,1.0,0.0,1471.0
1851,299,1,1.0,0.0,1471.0
1852,299,1,1.0,0.0,1471.0
1853,299,1,1.0,0.0,1471.0
1854,299,1,1.0,0.0,1471.0
1855,299,1,1.0,0.0,1471.0
1856,299,1,1.0,0.0,1471.0
1857,299,1,1.0,0.0,1471.0
1858,299,1,1.0,0.0,1471.0
1859,299,1,1.0,0.0,1471.0
1860,299,1,1.0,0.0,1471.0
1861,299,1,1.0,0.0,1471.0
1862,299,1,1.0,0.0,1471.0
1863,299,1,1.0,0.0,1471.0
1864,299,1,1.0,0.0,1471.0
1865,299,1,1.0,0.0,1471.0
1866,299,1,1.0,0.0,1471.0
1867,299,1,1.0,0.0,1471.0
1868,299,1,1.0,0.0,1471.0
1869,299,1,1.0,0.0,1471.0
1870,299,1,1.0,0.0,1471.0
1871,299,1,1.0,0.0,1471.0
1872,299,1,1.0,0.0,1471.0
1873,299,1,1.0,0.0,1471.0
1874,299,1,1.0,0.0,1471.0
1875,299,1,1.0,0.0,1471.0
1876,299,1,1.0,0.0,1471.0
1877,299,1,1.0,0.0,1471.0
1878,299,1,1.0,0.0,1471.0
1879,299,1,1.0,0.0,1471.0
1880,299,1,1.0,0.0,1471.0
1881,299,1,1.0,0.0,1471.0
1882,299,1,1.0,0.0,1471.0
1883,299,1,1.0,0.0,1471.0
1884,299,1,1.0,0.0,1471.0
1885,299,1,1.0,0.0,1471.0
1886,299,1,1.0,0.0,1471.0
1887,299,1,1.0,0.0,1471.0
1888,299,1,1.0,0.0,1471.0
1889,299,1,1.0,0.0,1471.0
1890,299,1,1.0,0.0,1471.0
1891,299,1,1.0,0.0,1471.0
1892,299,1,1.0,0.0,1471.0
1893,299,1,1.0,0.0,1471.0
1894,299,1,1.0,0.0,1471.0
1895,299,1,1.0,0.0,1471.0
1896,299,1,1.0,0.0,1471.0
1897,299,1,1.0,0.0,1471.0
1898,299,1,1.0,0.0,1471.0
1899,299,1,1.0,0.0,1471.0
1900,299,1,1.0,0.0,1471.0
1901,299,1,1.0,0.0,1471.0
1902,299,1,1.0,0.0,1471.0
1903,299,1,1.0,0.0,1471.0
1904,299,1,1.0,0.0,1471.0
1905,299,1,1.0,0.0,1471.0
1906,299,1,1.0,0.0,1471.0
1907,299,1,1.0,0.0,1471.0
1908,299,1,1.0,0.0,1471.0
1909,299,1,1.0,0.0,1471.0
1910,299,1,1.0,0.0,1471.0
1911,299,1,1.0,0.0,1471.0
1912,299,1,1.0,0.0,1471.0
1913,299,1,1.0,0.0,1471.0
1914,299,1,1.0,0.0,1471.0
1915,299,1,1.0,0.0,1471.0
1916,299,1,1.0,0.0,1471.0
1917,299,1,1.0,0.0,1471.0
1918,299,1,1.0,0.0,1471.0
1919,299,1,1.0,0.0,1471.0
1920,299,1,1.0,0.0,1471.0
1921,299,1,1.0,0.0,1471.0
1922,299,1,1.0,0.0,1471.0
1923,299,1,1.0,0.0,1471.0
1924,299,1,1.0,0.0,1471.0
1925,299,1,1.0,0.0,1471.0
1926,299,1,1.0,0.0,1471.0
1927,299,1,1.0,0.0,1471.0
1928,299,1,1.0,0.0,1471.0
1929,299,1,1.0,0.0,1471.0
1930,299,1,1.0,0.0,1471.0
1931,299,1,1.0,0.0,1471.0
1932,299,1,1.0,0.0,1471.0
1933,299,1,1.0,0.0,1471.0
1934,299,1,1.0,0.0,1471.0
1935,299,1,1.0,0.0,1471.0
1936,299,1,1.0,0.0,1471.0
1937,299,1,1.0,0.0,1471.0
1938,299,1,1.0,0.0,1471.0
1939,299,1,1.0,0.0,1471.0
1940,299,1,1.0,0.0,1471.0
1941,299,1,1.0,0.0,1471.0
1942,299,1,1.0,0.0,1471.0
1943,299,1,1.0,0.0,1471.0
1944,299,1,1.0,0.0,1471.0
1945,299,1,1.0,0.0,1471.0
1946,299,1,1.0,0.0,1471.0
1947,299,1,1.0,0.0,1471.0
1948,299,1,1.0,0.0,1471.0
1949,299,1,1.0,0.0,1471.0
1950,299,1,1.0,0.0,1471.0
1951,299,1,1.0,0.0,1471.0
1952,299,1,1.0,0.0,1471.0
1953,299,1,1.0,0.0,1471.0
1954,299,1,1.0,0.0,1471.0
1955,299,1,1.0,0.0,1471.0
1956,299,1,1.0,0.0,1471.0
1957,299,1,1.0,0.0,1471.0
1958,299,1,1.0,0.0,1471.0
1959,299,1,1.0,0.0,1471.0
1960,299,1,1.0,0.0,1471.0
1961,299,1,1.0,0.0,1471.0
1962,299,1,1.0,0.0,1471.0
1963,299,1,1.0,0.0,1471.0
1964,299,1,1.0,0.0,1471.0
1965,299,1,1.0,0.0,1471.0
1966,299,1,1.0,0.0,1471.0
1967,299,1,1.0,0.0,1471.0
1968,299,1,1.0,0.0,1471.0
1969,299,1,1.0,0.0,1471.0
1970,299,1,1.0,0.0,1471.0
1971,299,1,1.0,0.0,1471.0
1972,299,1,1.0,0.0,1471.0
1973,299,1,1.0,0.0,1471.0
1974,299,1,1.0,0.0,1471.0
1975,299,1,1.0,0.0,1471.0
1976,299,1,1.0,0.0,1471.0
1977,299,1,1.0,0.0,1471.0
1978,299,1,1.0,0.0,1471.0
1979,299,1,1.0,0.0,1471.0
1980,299,1,1.0,0.0,1471.0
1981,299,1,1.0,0.0,1471.0
1982,299,1,1.0,0.0,1471.0
1983,299,1,1.0,0.0,1471.0
1984,299,1,1.0,0.0,1471.0
1985,299,1,1.0,0.0,1471.0
1986,299,1,1.0,0.0,1471.0
1987,299,1,1.0,0.0,1471.0
1988,299,1,1.0,0.0,1471.0
1989,299,1,1.0,0.0,1471.0
1990,299,1,1.0,0.0,1471.0
1991,299,1,1.0,0.0,1471.0
1992,299,1,1.0,0.0,1471.0
1993,299,1,1.0,0.0,1471.0
1994,299,1,1.0,0.0,1471.0
1995,299,1,1.0,0.0,1471.0
1996,299,1,1.0,0.0,1471.0
1997,299,1,1.0,0.0,1471.0
1998,299,1,1.0,0.0,1471.0
1999,299,1,1.0,0.0,1471.0
2000,299,1,1.0,0.0,1471.0
2001,299,1,1.0,0.0,1471.0
2002,299,1,1.0,0.0,1471.0
2003,299,1,1.0,0.0,1471.0
2004,299,1,1.0,0.0,1471.0
2005,299,1,1.0,0.0,1471.0
2006,299,1,1.0,0.0,1471.0
2007,299,1,1.0,0.0,1471.0
2008,299,1,1.0,0.0,1471.0
2009,299,1,1.0,0.0,1471.0
2010,299,1,1.0,0.0,1471.0
2011,299,1,1.0,0.0,1471.0
2012,299,1,1.0,0.0,1471.0
2013,299,1,1.0,0.0,1471.0
2014,299,1,1.0,0.0,1471.0
2015,299,1,1.0,0.0,1471.0
2016,299,1,1.0,0.0,1471.0
2017,299,1,1.0,0.0,1471.0
2018,299,1,1.0,0.0,1471.0
2019,299,1,1.0,0.0,1471.0
2020,299,1,1.0,0.0,1471.0
2021,299,1,1.0,0.0,1471.0
2022,299,1,1.0,0.0,1471.0
2023,299,1,1.0,0.0,1471.0
2024,299,1,1.0,0.0,1471.0
2025,299,1,1.0,0.0,1471.0
2026,299,1,1.0,0.0,1471.0
2027,299,1,1.0,0.0,1471.0
2028,299,1,1.0,0.0,1471.0
2029,299,1,1.0,0.0,1471.0
2030,299,1,1.0,0.0,1471.0
2031,299,1,1.0,0.0,1471.0
2032,299,1,1.0,0.0,1471.0
2033,299,1,1.0,0.0,1471.0
2034,299,1,1.0,0.0,1471.0
2035,299,1,1.0,0.0,1471.0
2036,299,1,1.0,0.0,1471.0
2037,299,1,1.0,0.0,1471.0
2038,299,1,1.0,0.0,1471.0
2039,299,1,1.0,0.0,1471.0
2040,299,1,1.0,0.0,1471.0
2041,299,1,1.0,0.0,1471.0
2042,299,1,1.0,0.0,1471.0
2043,299,1,1.0,0.0,1471.0
2044,299,1,1.0,0.0,1471.0
2045,299,1,1.0,0.0,1471.0
2046,299,1,1.0,0.0,1471.0
2047,299,1,1.0,0.0,1471.0
2048,299,1,1.0,0.0,1471.0
2049,299,1,1.0,0.0,1471.0
2050,299,1,1.0,0.0,1471.0
2051,299,1,1.0,0.0,1471.0
2052,299,1,1.0,0.0,1471.0
2053,299,1,1.0,0.0,1471.0
2054,299,1,1.0,0.0,1471.0
2055,299,1,1.0,0.0,1471.0
2056,299,1,1.0,0.0,1471.0
2057,299,1,1.0,0.0,1471.0
2058,299,1,1.0,0.0,1471.0
2059,299,1,1.0,0.0,1471.0
2060,299,1,1.0,0.0,1471.0
2061,299,1,1.0,0.0,1471.0
2062,299,1,1.0,0.0,1471.0
2063,299,1,1.0,0.0,1471.0
2064,299,1,1.0,0.0,1471.0
2065,299,1,1.0,0.0,1471.0
2066,299,1,1.0,0.0,1471.0
2067,299,1,1.0,0.0,1471.0
2068,299,1,1.0,0.0,1471.0
2069,299,1,1.0,0.0,1471.0
2070,299,1,1.0,0.0,1471.0
2071,299,1,1.0,0.0,1471.0
2072,299,1,1.0,0.0,1471.0
2073,299,1,1.0,0.0,1471.0
2074,299,1,1.0,0.0,1471.0
2075,299,1,1.0,0.0,1471.0
2076,299,1,1.0,0.0,1471.0
2077,299,1,1.0,0.0,1471.0
2078,299,1,1.0,0.0,1471.0
2079,299,1,1.0,0.0,1471.0
2080,299,1,1.0,0.0,1471.0
2081,299,1,1.0,0.0,1471.0
2082,299,1,1.0,0.0,1471.0
2083,299,1,1.0,0.0,1471.0
2084,299,1,1.0,0.0,1471.0
2085,299,1,1.0,0.0,1471.0
2086,299,1,1.0,0.0,1471.0
2087,299,1,1.0,0.0,1471.0
2088,299,1,1.0,0.0,1471.0
2089,299,1,1.0,0.0,1471.0
2090,299,1,1.0,0.0,1471.0
2091,299,1,1.0,0.0,1471.0
2092,299,1,1.0,0.0,1471.0
2093,299,1,1.0,0.0,1471.0
2094,299,1,1.0,0.0,1471.0
2095,299,1,1.0,0.0,1471.0
2096,299,1,1.0,0.0,1471.0
2097,299,1,1.0,0.0,1471.0
2098,299,1,1.0,0.0,1471.0
2099,299,1,1.0,0.0,1471.0
2100,299,1,1.0,0.0,1471.0
2101,299,1,1.0,0.0,1471.0
2102,299,1,1.0,0.0,1471.0
2103,299,1,1.0,0.0,1471.0
2104,299,1,1.0,0.0,1471.0
2105,299,1,1.0,0.0,1471.0
2106,299,1,1.0,0.0,1471.0
2107,299,1,1.0,0.0,1471.0
2108,299,1,1.0,0.0,1471.0
2109,299,1,1.0,0.0,1471.0
2110,299,1,1.0,0.0,1471.0
2111,299,1,1.0,0.0,1471.0
2112,299,1,1.0,0.0,1471.0
2113,299,1,1.0,0.0,1471.0
2114,299,1,1.0,0.0,1471.0
2115,299,1,1.0,0.0,1471.0
2116,299,1,1.0,0.0,1471.0
2117,299,1,1.0,0.0,1471.0
2118,299,1,1.0,0.0,1471.0
2119,299,1,1.0,0.0,1471.0
2120,299,1,1.0,0.0,1471.0
2121,299,1,1.0,0.0,1471.0
2122,299,1,1.0,0.0,1471.0
2123,299,1,1.0,0.0,1471.0
2124,299,1,1.0,0.0,1471.0
2125,299,1,1.0,0.0,1471.0
2126,299,1,1.0,0.0,1471.0
2127,299,1,1.0,0.0,1471.0
2128,299,1,1.0,0.0,1471.0
2129,299,1,1.0,0.0,1471.0
2130,299,1,1.0,0.0,1471.0
2131,299,1,1.0,0.0,1471.0
2132,299,1,1.0,0.0,1471.0
2133,299,1,1.0,0.0,1471.0
2134,299,1,1.0,0.0,1471.0
2135,299,1,1.0,0.0,1471.0
2136,299,1,1.0,0.0,1471.0
2137,299,1,1.0,0.0,1471.0
2138,299,1,1.0,0.0,1471.0
2139,299,1,1.0,0.0,1471.0
2140,299,1,1.0,0.0,1471.0
2141,299,1,1.0,0.0,1471.0
2142,299,1,1.0,0.0,1471.0
2143,299,1,1.0,0.0,1471.0
2144,299,1,1.0,0.0,1471.0
2145,299,1,1.0,0.0,1471.0
2146,299,1,1.0,0.0,1471.0
2147,299,1,1.0,0.0,1471.0
2148,299,1,1.0,0.0,1471.0
2149,299,1,1.0,0.0,1471.0
2150,299,1,1.0,0.0,1471.0
2151,299,1,1.0,0.0,1471.0
2152,299,1,1.0,0.0,1471.0
2153,299,1,1.0,0.0,1471.0
2154,299,1,1.0,0.0,1471.0
2155,299,1,1.0,0.0,1471.0
2156,299,1,1.0,0.0,1471.0
2157,299,1,1.0,0.0,1471.0
2158,299,1,1.0,0.0,1471.0
2159,299,1,1.0,0.0,1471.0
2160,299,1,1.0,0.0,1471.0
2161,299,1,1.0,0.0,1471.0
2162,299,1,1.0,0.0,1471.0
2163,299,1,1.0,0.0,1471.0
2164,299,1,1.0,0.0,1471.0
2165,299,1,1.0,0.0,1471.0
2166,299,1,1.0,0.0,1471.0
2167,299,1,1.0,0.0,1471.0
2168,299,1,1.0,0.0,1471.0
2169,299,1,1.0,0.0,1471.0
2170,299,1,1.0,0.0,1471.0
2171,299,1,1.0,0.0,1471.0
2172,299,1,1.0,0.0,1471.0
2173,299,1,1.0,0.0,1471.0
2174,299,1,1.0,0.0,1471.0
2175,299,1,1.0,0.0,1471.0
2176,299,1,1.0,0.0,1471.0
2177,299,1,1.0,0.0,1471.0
2178,299,1,1.0,0.0,1471.0
2179,299,1,1.0,0.0,1471.0
2180,299,1,1.0,0.0,1471.0
2181,299,1,1.0,0.0,1471.0
2182,299,1,1.0,0.0,1471.0
2183,299,1,1.0,0.0,1471.0
2184,299,1,1.0,0.0,1471.0
2185,299,1,1.0,0.0,1471.0
2186,299,1,1.0,0.0,1471.0
2187,299,1,1.0,0.0,1471.0
2188,299,1,1.0,0.0,1471.0
2189,299,1,1.0,0.0,1471.0
2190,299,1,1.0,0.0,1471.0
2191,299,1,1.0,0.0,1471.0
2192,299,1,1.0,0.0,1471.0
2193,299,1,1.0,0.0,1471.0
2194,299,1,1.0,0.0,1471.0
2195,299,1,1.0,0.0,1471.0
2196,299,1,1.0,0.0,1471.0
2197,299,1,1.0,0.0,1471.0
2198,299,1,1.0,0.0,1471.0
2199,299,1,1.0,0.0,1471.0
2200,299,1,1.0,0.0,1471.0
2201,299,1,1.0,0.0,1471.0
2202,299,1,1.0,0.0,1471.0
2203,299,1,1.0,0.0,1471.0
2204,299,1,1.0,0.0,1471.0
2205,299,1,1.0,0.0,1471.0
2206,299,1,1.0,0.0,1471.0
2207,299,1,1.0,0.0,1471.0
2208,299,1,1.0,0.0,1471.0
2209,299,1,1.0,0.0,1471.0
2210,299,1,1.0,0.0,1471.0
2211,299,1,1.0,0.0,1471.0
2212,299,1,1.0,0.0,1471.0
2213,299,1,1.0,0.0,1471.0
2214,299,1,1.0,0.0,1471.0
2215,299,1,1.0,0.0,1471.0
2216,299,1,1.0,0.0,1471.0
2217,299,1,1.0,0.0,1471.0
2218,299,1,1.0,0.0,1471.0
2219,299,1,1.0,0.0,1471.0
2220,299,1,1.0,0.0,1471.0
2221,299,1,1.0,0.0,1471.0
2222,299,1,1.0,0.0,1471.0
2223,299,1,1.0,0.0,1471.0
2224,299,1,1.0,0.0,1471.0
2225,299,1,1.0,0.0,1471.0
2226,299,1,1.0,0.0,1471.0
2227,299,1,1.0,0.0,1471.0
2228,299,1,1.0,0.0,1471.0
2229,299,1,1.0,0.0,1471.0
2230,299,1,1.0,0.0,1471.0
2231,299,1,1.0,0.0,1471.0
2232,299,1,1.0,0.0,1471.0
2233,299,1,1.0,0.0,1471.0
2234,299,1,1.0,0.0,1471.0
2235,299,1,1.0,0.0,1471.0
2236,299,1,1.0,0.0,1471.0
2237,299,1,1.0,0.0,1471.0
2238,299,1,1.0,0.0,1471.0
2239,299,1,1.0,0.0,1471.0
2240,299,1,1.0,0.0,1471.0
2241,299,1,1.0,0.0,1471.0
2242,299,1,1.0,0.0,1471.0
2243,299,1,1.0,0.0,1471.0
2244,299,1,1.0,0.0,1471.0
2245,299,1,1.0,0.0,1471.0
2246,299,1,1.0,0.0,1471.0
2247,299,1,1.0,0.0,1471.0
2248,299,1,1.0,0.0,1471.0
2249,299,1,1.0,0.0,1471.0
2250,299,1,1.0,0.0,1471.0
2251,299,1,1.0,0.0,1471.0
2252,299,1,1.0,0.0,1471.0
2253,299,1,1.0,0.0,1471.0
2254,299,1,1.0,0.0,1471.0
2255,299,1,1.0,0.0,1471.0
2256,299,1,1.0,0.0,1471.0
2257,299,1,1.0,0.0,1471.0
2258,299,1,1.0,0.0,1471.0
2259,299,1,1.0,0.0,1471.0
2260,299,1,1.0,0.0,1471.0
2261,299,1,1.0,0.0,1471.0
2262,299,1,1.0,0.0,1471.0
2263,299,1,1.0,0.0,1471.0
2264,299,1,1.0,0.0,1471.0
2265,299,1,1.0,0.0,1471.0
2266,299,1,1.0,0.0,1471.0
2267,299,1,1.0,0.0,1471.0
2268,299,1,1.0,0.0,1471.0
2269,299,1,1.0,0.0,1471.0
2270,299,1,1.0,0.0,1471.0
2271,299,1,1.0,0.0,1471.0
2272,299,1,1.0,0.0,1471.0
2273,299,1,1.0,0.0,1471.0
2274,299,1,1.0,0.0,1471.0
2275,299,1,1.0,0.0,1471.0
2276,299,1,1.0,0.0,1471.0
2277,299,1,1.0,0.0,1471.0
2278,299,1,1.0,0.0,1471.0
2279,299,1,1.0,0.0,1471.0
2280,299,1,1.0,0.0,1471.0
2281,299,1,1.0,0.0,1471.0
2282,299,1,1.0,0.0,1471.0
2283,299,1,1.0,0.0,1471.0
2284,299,1,1.0,0.0,1471.0
2285,299,1,1.0,0.0,1471.0
2286,299,1,1.0,0.0,1471.0
2287,299,1,1.0,0.0,1471.0
2288,299,1,1.0,0.0,1471.0
2289,299,1,1.0,0.0,1471.0
2290,299,1,1.0,0.0,1471.0
2291,299,1,1.0,0.0,1471.0
2292,299,1,1.0,0.0,1471.0
2293,299,1,1.0,0.0,1471.0
2294,299,1,1.0,0.0,1471.0
2295,299,1,1.0,0.0,1471.0
2296,299,1,1.0,0.0,1471.0
2297,299,1,1.0,0.0,1471.0
2298,299,1,1.0,0.0,1471.0
2299,299,1,1.0,0.0,1471.0
2300,299,1,1.0,0.0,1471.0
2301,299,1,1.0,0.0,1471.0
2302,299,1,1.0,0.0,1471.0
2303,299,1,1.0,0.0,1471.0
2304,299,1,1.0,0.0,1471.0
2305,299,1,1.0,0.0,1471.0
2306,299,1,1.0,0.0,1471.0
2307,299,1,1.0,0.0,1471.0
2308,299,1,1.0,0.0,1471.0
2309,299,1,1.0,0.0,1471.0
2310,299,1,1.0,0.0,1471.0
2311,299,1,1.0,0.0,1471.0
2312,299,1,1.0,0.0,1471.0
2313,299,1,1.0,0.0,1471.0
2314,299,1,1.0,0.0,1471.0
2315,299,1,1.0,0.0,1471.0
2316,299,1,1.0,0.0,1471.0
2317,299,1,1.0,0.0,1471.0
2318,299,1,1.0,0.0,1471.0
2319,299,1,1.0,0.0,1471.0
2320,299,1,1.0,0.0,1471.0
2321,299,1,1.0,0.0,1471.0
2322,299,1,1.0,0.0,1471.0
2323,299,1,1.0,0.0,1471.0
2324,299,1,1.0,0.0,1471.0
2325,299,1,1.0,0.0,1471.0
2326,299,1,1.0,0.0,1471.0
2327,299,1,1.0,0.0,1471.0
2328,299,1,1.0,0.0,1471.0
2329,299,1,1.0,0.0,1471.0
2330,299,1,1.0,0.0,1471.0
2331,299,1,1.0,0.0,1471.0
2332,299,1,1.0,0.0,1471.0
2333,299,1,1.0,0.0,1471.0
2334,299,1,1.0,0.0,1471.0
2335,299,1,1.0,0.0,1471.0
2336,299,1,1.0,0.0,1471.0
2337,299,1,1.0,0.0,1471.0
2338,299,1,1.0,0.0,1471.0
2339,299,1,1.0,0.0,1471.0
2340,299,1,1.0,0.0,1471.0
2341,299,1,1.0,0.0,1471.0
2342,299,1,1.0,0.0,1471.0
2343,299,1,1.0,0.0,1471.0
2344,299,1,1.0,0.0,1471.0
2345,299,1,1.0,0.0,1471.0
2346,299,1,1.0,0.0,1471.0
2347,299,1,1.0,0.0,1471.0
2348,299,1,1.0,0.0,1471.0
2349,299,1,1.0,0.0,1471.0
2350,299,1,1.0,0.0,1471.0
2351,299,1,1.0,0.0,1471.0
2352,299,1,1.0,0.0,1471.0
2353,299,1,1.0,0.0,1471.0
2354,299,1,1.0,0.0,1471.0
2355,299,1,1.0,0.0,1471.0
2356,299,1,1.0,0.0,1471.0
2357,299,1,1.0,0.0,1471.0
2358,299,1,1.0,0.0,1471.0
2359,299,1,1.0,0.0,1471.0
2360,299,1,1.0,0.0,1471.0
2361,299,1,1.0,0.0,1471.0
2362,299,1,1.0,0.0,1471.0
2363,299,1,1.0,0.0,1471.0
2364,299,1,1.0,0.0,1471.0
2365,299,1,1.0,0.0,1471.0
2366,299,1,1.0,0.0,1471.0
2367,299,1,1.0,0.0,1471.0
2368,299,1,1.0,0.0,1471.0
2369,299,1,1.0,0.0,1471.0
2370,299,1,1.0,0.0,1471.0
2371,299,1,1.0,0.0,1471.0
2372,299,1,1.0,0.0,1471.0
2373,299,1,1.0,0.0,1471.0
2374,299,1,1.0,0.0,1471.0
2375,299,1,1.0,0.0,1471.0
2376,299,1,1.0,0.0,1471.0
2377,299,1,1.0,0.0,1471.0
2378,299,1,1.0,0.0,1471.0
2379,299,1,1.0,0.0,1471.0
2380,299,1,1.0,0.0,1471.0
2381,299,1,1.0,0.0,1471.0
2382,299,1,1.0,0.0,1471.0
2383,299,1,1.0,0.0,1471.0
2384,299,1,1.0,0.0,1471.0
2385,299,1,1.0,0.0,1471.0
2386,299,1,1.0,0.0,1471.0
2387,299,1,1.0,0.0,1471.0
2388,299,1,1.0,0.0,1471.0
2389,299,1,1.0,0.0,1471.0
2390,299,1,1.0,0.0,1471.0
2391,299,1,1.0,0.0,1471.0
2392,299,1,1.0,0.0,1471.0
2393,299,1,1.0,0.0,1471.0
2394,299,1,1.0,0.0,1471.0
2395,299,1,1.0,0.0,1471.0
2396,299,1,1.0,0.0,1471.0
2397,299,1,1.0,0.0,1471.0
2398,299,1,1.0,0.0,1471.0
2399,299,1,1.0,0.0,1471.0
2400,299,1,1.0,0.0,1471.0
2401,299,1,1.0,0.0,1471.0
2402,299,1,1.0,0.0,1471.0
2403,299,1,1.0,0.0,1471.0
2404,299,1,1.0,0.0,1471.0
2405,299,1,1.0,0.0,1471.0
2406,299,1,1.0,0.0,1471.0
2407,299,1,1.0,0.0,1471.0
2408,299,1,1.0,0.0,1471.0
2409,299,1,1.0,0.0,1471.0
2410,299,1,1.0,0.0,1471.0
2411,299,1,1.0,0.0,1471.0
2412,299,1,1.0,0.0,1471.0
2413,299,1,1.0,0.0,1471.0
2414,299,1,1.0,0.0,1471.0
2415,299,1,1.0,0.0,1471.0
2416,299,1,1.0,0.0,1471.0
2417,299,1,1.0,0.0,1471.0
2418,299,1,1.0,0.0,1471.0
2419,299,1,1.0,0.0,1471.0
2420,299,1,1.0,0.0,1471.0
2421,299,1,1.0,0.0,1471.0
2422,299,1,1.0,0.0,1471.0
2423,299,1,1.0,0.0,1471.0
2424,299,1,1.0,0.0,1471.0
2425,299,1,1.0,0.0,1471.0
2426,299,1,1.0,0.0,1471.0
2427,299,1,1.0,0.0,1471.0
2428,299,1,1.0,0.0,1471.0
2429,299,1,1.0,0.0,1471.0
2430,299,1,1.0,0.0,1471.0
2431,299,1,1.0,0.0,1471.0
2432,299,1,1.0,0.0,1471.0
2433,299,1,1.0,0.0,1471.0
2434,299,1,1.0,0.0,1471.0
2435,299,1,1.0,0.0,1471.0
2436,299,1,1.0,0.0,1471.0
2437,299,1,1.0,0.0,1471.0
2438,299,1,1.0,0.0,1471.0
2439,299,1,1.0,0.0,1471.0
2440,299,1,1.0,0.0,1471.0
2441,299,1,1.0,0.0,1471.0
2442,299,1,1.0,0.0,1471.0
2443,299,1,1.0,0.0,1471.0
2444,299,1,1.0,0.0,1471.0
2445,299,1,1.0,0.0,1471.0
2446,299,1,1.0,0.0,1471.0
2447,299,1,1.0,0.0,1471.0
2448,299,1,1.0,0.0,1471.0
2449,299,1,1.0,0.0,1471.0
2450,299,1,1.0,0.0,1471.0
2451,299,1,1.0,0.0,1471.0
2452,299,1,1.0,0.0,1471.0
2453,299,1,1.0,0.0,1471.0
2454,299,1,1.0,0.0,1471.0
2455,299,1,1.0,0.0,1471.0
2456,299,1,1.0,0.0,1471.0
2457,299,1,1.0,0.0,1471.0
2458,299,1,1.0,0.0,1471.0
2459,299,1,1.0,0.0,1471.0
2460,299,1,1.0,0.0,1471.0
2461,299,1,1.0,0.0,1471.0
2462,299,1,1.0,0.0,1471.0
2463,299,1,1.0,0.0,1471.0
2464,299,1,1.0,0.0,1471.0
2465,299,1,1.0,0.0,1471.0
2466,299,1,1.0,0.0,1471.0
2467,299,1,1.0,0.0,1471.0
2468,299,1,1.0,0.0,1471.0
2469,299,1,1.0,0.0,1471.0
2470,299,1,1.0,0.0,1471.0
2471,299,1,1.0,0.0,1471.0
2472,299,1,1.0,0.0,1471.0
2473,299,1,1.0,0.0,1471.0
2474,299,1,1.0,0.0,1471.0
2475,299,1,1.0,0.0,1471.0
2476,299,1,1.0,0.0,1471.0
2477,299,1,1.0,0.0,1471.0
2478,299,1,1.0,0.0,1471.0
2479,299,1,1.0,0.0,1471.0
2480,299,1,1.0,0.0,1471.0
2481,299,1,1.0,0.0,1471.0
2482,299,1,1.0,0.0,1471.0
2483,299,1,1.0,0.0,1471.0
2484,299,1,1.0,0.0,1471.0
2485,299,1,1.0,0.0,1471.0
2486,299,1,1.0,0.0,1471.0
2487,299,1,1.0,0.0,1471.0
2488,299,1,1.0,0.0,1471.0
2489,299,1,1.0,0.0,1471.0
2490,299,1,1.0,0.0,1471.0
2491,299,1,1.0,0.0,1471.0
2492,299,1,1.0,0.0,1471.0
2493,299,1,1.0,0.0,1471.0
2494,299,1,1.0,0.0,1471.0
2495,299,1,1.0,0.0,1471.0
2496,299,1,1.0,0.0,1471.0
2497,299,1,1.0,0.0,1471.0
2498,299,1,1.0,0.0,1471.0
2499,299,1,1.0,0.0,1471.0
2500,299,1,1.0,0.0,1471.0
2501,299,1,1.0,0.0,1471.0
2502,299,1,1.0,0.0,1471.0
2503,299,1,1.0,0.0,1471.0
2504,299,1,1.0,0.0,1471.0
2505,299,1,1.0,0.0,1471.0
2506,299,1,1.0,0.0,1471.0
2507,299,1,1.0,0.0,1471.0
2508,299,1,1.0,0.0,1471.0
2509,299,1,1.0,0.0,1471.0
2510,299,1,1.0,0.0,1471.0
2511,299,1,1.0,0.0,1471.0
2512,299,1,1.0,0.0,1471.0
2513,299,1,1.0,0.0,1471.0
2514,299,1,1.0,0.0,1471.0
2515,299,1,1.0,0.0,1471.0
2516,299,1,1.0,0.0,1471.0
2517,299,1,1.0,0.0,1471.0
2518,299,1,1.0,0.0,1471.0
2519,299,1,1.0,0.0,1471.0
2520,299,1,1.0,0.0,1471.0
2521,299,1,1.0,0.0,1471.0
2522,299,1,1.0,0.0,1471.0
2523,299,1,1.0,0.0,1471.0
2524,299,1,1.0,0.0,1471.0
2525,299,1,1.0,0.0,1471.0
2526,299,1,1.0,0.0,1471.0
2527,299,1,1.0,0.0,1471.0
2528,299,1,1.0,0.0,1471.0
2529,299,1,1.0,0.0,1471.0
2530,299,1,1.0,0.0,1471.0
2531,299,1,1.0,0.0,1471.0
2532,299,1,1.0,0.0,1471.0
2533,299,1,1.0,0.0,1471.0
2534,299,1,1.0,0.0,1471.0
2535,299,1,1.0,0.0,1471.0
2536,299,1,1.0,0.0,1471.0
2537,299,1,1.0,0.0,1471.0
2538,299,1,1.0,0.0,1471.0
2539,299,1,1.0,0.0,1471.0
2540,299,1,1.0,0.0,1471.0
2541,299,1,1.0,0.0,1471.0
2542,299,1,1.0,0.0,1471.0
2543,299,1,1.0,0.0,1471.0
2544,299,1,1.0,0.0,1471.0
2545,299,1,1.0,0.0,1471.0
2546,299,1,1.0,0.0,1471.0
2547,299,1,1.0,0.0,1471.0
2548,299,1,1.0,0.0,1471.0
2549,299,1,1.0,0.0,1471.0
2550,299,1,1.0,0.0,1471.0
2551,299,1,1.0,0.0,1471.0
2552,299,1,1.0,0.0,1471.0
2553,299,1,1.0,0.0,1471.0
2554,299,1,1.0,0.0,1471.0
2555,299,1,1.0,0.0,1471.0
2556,299,1,1.0,0.0,1471.0
2557,299,1,1.0,0.0,1471.0
2558,299,1,1.0,0.0,1471.0
2559,299,1,1.0,0.0,1471.0
2560,299,1,1.0,0.0,1471.0
2561,299,1,1.0,0.0,1471.0
2562,299,1,1.0,0.0,1471.0
2563,299,1,1.0,0.0,1471.0
2564,299,1,1.0,0.0,1471.0
2565,299,1,1.0,0.0,1471.0
2566,299,1,1.0,0.0,1471.0
2567,299,1,1.0,0.0,1471.0
2568,299,1,1.0,0.0,1471.0
2569,299,1,1.0,0.0,1471.0
2570,299,1,1.0,0.0,1471.0
2571,299,1,1.0,0.0,1471.0
2572,299,1,1.0,0.0,1471.0
2573,299,1,1.0,0.0,1471.0
2574,299,1,1.0,0.0,1471.0
2575,299,1,1.0,0.0,1471.0
2576,299,1,1.0,0.0,1471.0
2577,299,1,1.0,0.0,1471.0
2578,299,1,1.0,0.0,1471.0
2579,299,1,1.0,0.0,1471.0
2580,299,1,1.0,0.0,1471.0
2581,299,1,1.0,0.0,1471.0
2582,299,1,1.0,0.0,1471.0
2583,299,1,1.0,0.0,1471.0
2584,299,1,1.0,0.0,1471.0
2585,299,1,1.0,0.0,1471.0
2586,299,1,1.0,0.0,1471.0
2587,299,1,1.0,0.0,1471.0
2588,299,1,1.0,0.0,1471.0
2589,299,1,1.0,0.0,1471.0
2590,299,1,1.0,0.0,1471.0
2591,299,1,1.0,0.0,1471.0
2592,299,1,1.0,0.0,1471.0
2593,299,1,1.0,0.0,1471.0
2594,299,1,1.0,0.0,1471.0
2595,299,1,1.0,0.0,1471.0
2596,299,1,1.0,0.0,1471.0
2597,299,1,1.0,0.0,1471.0
2598,299,1,1.0,0.0,1471.0
2599,299,1,1.0,0.0,1471.0
2600,299,1,1.0,0.0,1471.0
2601,299,1,1.0,0.0,1471.0
2602,299,1,1.0,0.0,1471.0
2603,299,1,1.0,0.0,1471.0
2604,299,1,1.0,0.0,1471.0
2605,299,1,1.0,0.0,1471.0
2606,299,1,1.0,0.0,1471.0
2607,299,1,1.0,0.0,1471.0
2608,299,1,1.0,0.0,1471.0
2609,299,1,1.0,0.0,1471.0
2610,299,1,1.0,0.0,1471.0
2611,299,1,1.0,0.0,1471.0
2612,299,1,1.0,0.0,1471.0
2613,299,1,1.0,0.0,1471.0
2614,299,1,1.0,0.0,1471.0
2615,299,1,1.0,0.0,1471.0
2616,299,1,1.0,0.0,1471.0
2617,299,1,1.0,0.0,1471.0
2618,299,1,1.0,0.0,1471.0
2619,299,1,1.0,0.0,1471.0
2620,299,1,1.0,0.0,1471.0
2621,299,1,1.0,0.0,1471.0
2622,299,1,1.0,0.0,1471.0
2623,299,1,1.0,0.0,1471.0
2624,299,1,1.0,0.0,1471.0
2625,299,1,1.0,0.0,1471.0
2626,299,1,1.0,0.0,1471.0
2627,299,1,1.0,0.0,1471.0
2628,299,1,1.0,0.0,1471.0
2629,299,1,1.0,0.0,1471.0
2630,299,1,1.0,0.0,1471.0
2631,299,1,1.0,0.0,1471.0
2632,299,1,1.0,0.0,1471.0
2633,299,1,1.0,0.0,1471.0
2634,299,1,1.0,0.0,1471.0
2635,299,1,1.0,0.0,1471.0
2636,299,1,1.0,0.0,1471.0
2637,299,1,1.0,0.0,1471.0
2638,299,1,1.0,0.0,1471.0
2639,299,1,1.0,0.0,1471.0
2640,299,1,1.0,0.0,1471.0
2641,299,1,1.0,0.0,1471.0
2642,299,1,1.0,0.0,1471.0
2643,299,1,1.0,0.0,1471.0
2644,299,1,1.0,0.0,1471.0
2645,299,1,1.0,0.0,1471.0
2646,299,1,1.0,0.0,1471.0
2647,299,1,1.0,0.0,1471.0
2648,299,1,1.0,0.0,1471.0
2649,299,1,1.0,0.0,1471.0
2650,299,1,1.0,0.0,1471.0
2651,299,1,1.0,0.0,1471.0
2652,299,1,1.0,0.0,1471.0
2653,299,1,1.0,0.0,1471.0
2654,299,1,1.0,0.0,1471.0
2655,299,1,1.0,0.0,1471.0
2656,299,1,1.0,0.0,1471.0
2657,299,1,1.0,0.0,1471.0
2658,299,1,1.0,0.0,1471.0
2659,299,1,1.0,0.0,1471.0
2660,299,1,1.0,0.0,1471.0
2661,299,1,1.0,0.0,1471.0
2662,299,1,1.0,0.0,1471.0
2663,299,1,1.0,0.0,1471.0
2664,299,1,1.0,0.0,1471.0
2665,299,1,1.0,0.0,1471.0
2666,299,1,1.0,0.0,1471.0
2667,299,1,1.0,0.0,1471.0
2668,299,1,1.0,0.0,1471.0
2669,299,1,1.0,0.0,1471.0
2670,299,1,1.0,0.0,1471.0
2671,299,1,1.0,0.0,1471.0
2672,299,1,1.0,0.0,1471.0
2673,299,1,1.0,0.0,1471.0
2674,299,1,1.0,0.0,1471.0
2675,300,0,0.0,0.0,1472.0
